0 FILE 6613 - assembled set.ldr
0 assembled set
0 Name: 6613 - assembled set.ldr
0 Author: Rafael Skibicki [Rola]
0 !LDRAW_ORG Model
0 !LICENSE Redistributable under CCAL version 2.0 : see CAreadme.txt
0 !THEME Classic Town
0 !KEYWORDS telephone, 1986
0 ROTATION CENTER 0 0 0 1 "Custom" 
0 ROTATION CONFIG 0 0
1 0 20 0 20 1 0 0 0 1 0 0 0 1 6613 - booth.ldr
1 0 -5 -72 0 0.707107 0 0.707107 0 1 0 -0.707107 0 0.707107 6613 - minifig biker.ldr
1 0 -110 -52 20 0.707107 0 -0.707107 0 1 0 0.707107 0 0.707107 4719c01.dat
1 47 -46.36 -56 -43.64 0.707107 -0.707107 0 0 0 -1 0.707107 0.707107 0 4073.dat
0

0 FILE 6613 - minifig biker.ldr
0 minifig biker
0 Name: 6613 - minifig biker.ldr
0 Author: Rafael Skibicki [Rola]
0 !LDRAW_ORG Model
0 !LICENSE Redistributable under CCAL version 2.0 : see CAreadme.txt
0 ROTATION CENTER 0 0 0 1 "Custom" 
0 ROTATION CONFIG 0 0
1 1 0 -24 0 1 0 0 0 1 0 0 0 1 4485.dat
1 14 0 -24 0 1 0 0 0 1 0 0 0 1 3626bp01.dat
1 15 0 0 0 1 0 0 0 1 0 0 0 1 973p1d.dat
1 1 0 32 0 1 0 0 0 1 0 0 0 1 3815.dat
1 1 -15.552 9 0 0.985 -0.17 0 0 0 1 -0.17 -0.985 0 3818.dat
1 1 15.552 9 0 0.985 0.17 0 -0.17 0.985 0 0 0 1 3819.dat
1 14 -23.863 -1.321 -17.596 0.985 -0.12019 0.12019 0 0.707 0.707 -0.17 -0.696395 0.696395 3820.dat
1 14 23.8634 26.5956 -10.321 0.985 0.12019 -0.12019 -0.17 0.696395 -0.696395 0 0.707 0.707 3820.dat
1 1 0 44 0 1 0 0 0 1 0 0 0 1 3816.dat
1 1 0 44 0 1 0 0 0 1 0 0 0 1 3817.dat
0

0 FILE 6613 - booth.ldr
0 booth
0 Name: 6613 - booth.ldr
0 Author: Rafael Skibicki [Rola]
0 !LDRAW_ORG Model
0 !LICENSE Redistributable under CCAL version 2.0 : see CAreadme.txt
0 ROTATION CENTER 0 0 0 1 "Custom"
0 ROTATION CONFIG 0 0
1 4 -30 0 10 1 0 0 0 1 0 0 0 1 3030.dat
1 14 30 -24 40 1 0 0 0 1 0 0 0 1 3004.dat
1 14 30 -48 40 1 0 0 0 1 0 0 0 1 3660.dat
1 14 40 -72 40 0 0 -1 0 1 0 1 0 0 3665.dat
1 14 20 -72 40 0 0 1 0 1 0 -1 0 0 3665.dat
1 14 30 -56 20 -1 0 0 0 1 0 0 0 -1 3794a.dat
1 14 30 -96 40 -1 0 0 0 1 0 0 0 -1 3010.dat
1 14 30 -104 40 -1 0 0 0 1 0 0 0 -1 3710.dat
1 14 30 -112 40 -1 0 0 0 1 0 0 0 -1 3710.dat
1 14 -90 -24 40 1 0 0 0 1 0 0 0 1 3660.dat
1 14 -50 -24 40 1 0 0 0 1 0 0 0 1 3660.dat
1 14 -90 -32 30 1 0 0 0 1 0 0 0 1 4079.dat
1 14 -50 -32 30 1 0 0 0 1 0 0 0 1 4079.dat
1 0 30 -80 20 1 0 0 0 1 0 0 0 1 3040p33.dat
1 0 30 -88 20 1 0 0 0 1 0 0 0 1 3069b.dat
1 14 30 -120 40 1 0 0 0 1 0 0 0 1 3023.dat
1 14 30 -128 40 1 0 0 0 1 0 0 0 1 3023.dat
1 14 30 -136 40 1 0 0 0 1 0 0 0 1 4861.dat

