0 FILE 4349 - Wild Pod - Bird.mpd
0 Wild Pod - Bird
0 Name: 4349 - Wild Pod - Bird.mpd
0 Author: Ken Drew [Ken]
0 !LDRAW_ORG Model
0 !LICENSE Redistributable under CCAL version 2.0 : see CAreadme.txt
0 !THEME Designer / X-Pods
0 !HISTORY 2013-5-21 [Ken] Initial creation
1 70 0 0 0 0 0 1 0 1 0 -1 0 0 3021.dat
0 STEP
1 0 0 -8 10 0 0 1 0 1 0 -1 0 0 3022.dat
1 0 0 -8 -20 1 0 0 0 1 0 0 0 1 3839b.dat
0 STEP
1 4 -10 -32 0 -1 0 0 0 1 0 0 0 -1 4286.dat
1 4 10 -32 0 -1 0 0 0 1 0 0 0 -1 4286.dat
0 STEP
1 4 0 -32 -20 1 0 0 0 1 0 0 0 1 3660.dat
0 STEP
1 25 -20 -40 -30 1 0 0 0 1 0 0 0 1 4349 - Right Wing.ldr
0 STEP
1 25 20 -40 -30 0.866025 0 0.5 0 1 0 -0.5 0 0.866025 4349 - Left Wing.ldr
0 STEP
1 70 0 -48 -20 0 0 1 0 1 0 -1 0 0 3021.dat
0 STEP
1 4 0 -56 -40 1 0 0 0 1 0 0 0 1 4349 - Head.ldr
0 STEP
1 4 0 -72 -20 -1 0 0 0 1 0 0 0 -1 3039.dat
0 STEP
1 4 -10 -80 -20 1 0 0 0 1 0 0 0 1 4081b.dat
1 4 10 -80 -20 1 0 0 0 1 0 0 0 1 4081b.dat
0 STEP
1 25 0 -88 -20 1 0 0 0 1 0 0 0 1 3023.dat
0 STEP
1 25 22 -78 -40 0 -1 0 1 0 0 0 0 1 4073.dat
1 25 -22 -78 -40 0 1 0 -1 0 0 0 0 1 4073.dat
0 STEP
1 15 -28 -78 -40 0 1 0 -1 0 0 0 0 1 4740.dat
1 15 28 -78 -40 0 -1 0 1 0 0 0 0 1 4740.dat
0 STEP
1 0 -36 -78 -40 0 1 0 -1 0 0 0 0 1 4073.dat
1 0 36 -78 -40 0 -0.999999 0 0.999999 0 0 0 0 1 4073.dat
0 STEP


0 FILE 4349 - Right Wing.ldr
0 Right Wing
0 Name: 4349 - Right Wing.ldr
0 Author: Ken Drew [Ken]
0 !LDRAW_ORG Model
0 !LICENSE Redistributable under CCAL version 2.0 : see CAreadme.txt
0 !THEME Designer / X-Pods
0 !HISTORY 2013-5-21 [Ken] Initial creation
1 4 0 0 0 0 0 1 0 1 0 -1 0 0 2429.dat
1 4 0 0 0 -0.5 0 -0.866025 0 1 0 0.866025 0 -0.5 2430.dat
0 STEP
1 4 -37 -8 25 -0.866025 -0 0.5 -0 1 -0 -0.5 -0 -0.866025 41770.dat
0 STEP
1 25 -42 -16 34 -0.866025 -0 0.5 -0 1 -0 -0.5 -0 -0.866025 43723.dat
0 STEP

0 FILE 4349 - Left Wing.ldr
0 4349 - Left Wing
0 Name: 4349 - Left Wing.ldr
0 Author: Ken Drew [Ken]
0 !LDRAW_ORG Model
0 !LICENSE Redistributable under CCAL version 2.0 : see CAreadme.txt
0 !THEME Designer / X-Pods
0 !HISTORY 2013-5-21 [Ken] Initial creation
1 4 0 0 0 0 0 1 0 1 0 -1 0 0 2429.dat
1 4 0 0 0 -0.5 0 -0.866025 0 1 0 0.866025 0 -0.5 2430.dat
0 STEP
1 4 20 -8 40 -1 0 0 0 1 0 -0 0 -1 41769.dat
0 STEP
1 25 20 -16 50 -1 -0 0 -0 1 -0 -0 -0 -1 43722.dat
0 STEP

0 FILE 4349 - Head.ldr
0 Head
0 Name: 4349 - Head.ldr
0 Author: Ken Drew [Ken]
0 !LDRAW_ORG Model
0 !LICENSE Redistributable under CCAL version 2.0 : see CAreadme.txt
0 !THEME Designer / X-Pods
0 !HISTORY 2013-5-21 [Ken] Initial creation
1 25 0 0 0 1 0 0 0 1 0 -0 0 1 44567.dat
0 STEP
1 4 0 15.624353 -47.140293 0 0 -1 -0.5 0.866025 0 0.866025 0.5 0 44302.dat
0 STEP
1 15 0 3.696151 -42.480038 0 0 -1 -0.5 0.866025 -0 0.866025 0.5 0 4073.dat
1 15 0 13.69615 -59.800545 0 0 -1 -0.5 0.866025 -0 0.866025 0.5 0 4073.dat
0 STEP
1 4 0 -27.088455 -37.159531 1 0 0 0 0.866025 -0.5 -0 0.5 0.866025 4286.dat
0 STEP

