0 FILE 6706 - Frontier Patrol.ldr
0 Frontier Patrol
0 Name: 6706 - Frontier Patrol.ldr
0 Author: Willy Tschager [Holly-Wood]
0 !LDRAW_ORG Model
0 !LICENSE Redistributable under CCAL version 2.0 : see CAreadme.txt

0 !THEME Western / Cowboys

0 // // Substituted Minifig Head with Brown Bangs and Full Beard Pattern
0 // // Substituted Minifig Head with Curly Moustache Pattern

0 ROTATION CENTER 0 0 0 1 "Custom"
0 ROTATION CONFIG 0 0
1 0 0 -56 0 1 0 0 0 1 0 0 0 1 6706 - Horse.ldr
1 0 0 -136 0 1 0 0 0 1 0 0 0 1 6706 - General.ldr
1 0 -110 -71 -100 0.906308 0 -0.422618 0 1 0 0.422618 0 0.906308 6706 - Officer.ldr
1 0 105 -69.5 85 1 0 0 0 1 0 0 0 1 6706 - Soldier.ldr
1 10 -130 1 20 1 0 0 0 1 0 0 0 1 6065.dat

0 FILE 6706 - General.ldr
0 General
0 Name: 6706 - General.ldr
0 Author: Willy Tschager [Holly-Wood]
0 !LDRAW_ORG Model
0 !LICENSE Redistributable under CCAL version 2.0 : see CAreadme.txt

0 !THEME Western / Cowboys

0 ROTATION CENTER 0 0 0 1 "Custom"
0 ROTATION CONFIG 0 0
1 1 0 -24 0 1 0 0 0 1 0 0 0 1 3629pw1.dat
1 14 0 -24 0 1 0 0 0 1 0 0 0 1 3626bp3e.dat
1 1 0 0 0 1 0 0 0 1 0 0 0 1 973pw1.dat
1 0 0 32 0 1 0 0 0 1 0 0 0 1 3815.dat
1 1 -15.552 9 0 0.985 -0.154072 -0.0718451 0.17 0.892713 0.416279 0 -0.422618 0.906308 3818.dat
1 1 15.552 9 0 0.985 0.159748 0.0581434 -0.17 0.925597 0.33689 0 -0.34202 0.939693 3819.dat
1 15 -22.823 20.5678 -17.2827 0.932897 0.354175 0.0581346 -0.315504 0.88647 -0.336839 -0.170984 0.296153 0.939551 3820.dat
1 15 23.0709 22.0041 -16.1152 0.985 0.154049 -0.0718343 -0.17 0.892578 -0.416216 0 0.422554 0.906171 3820.dat
1 7 -24.0615 22.0426 -26.768 0.932897 0.357619 -0.0293198 -0.315504 0.778361 -0.541259 -0.170984 0.51464 0.839695 2530.dat
1 7 23.3213 23.4548 -26.1583 0.985 0.132044 -0.106959 -0.17 0.765077 -0.619734 0 0.629171 0.776728 30132.dat
1 0 0 44 0 1 0 0 0 1 0 0 0 1 3816.dat
1 0 0 44 0 1 0 0 0 1 0 0 0 1 3817.dat

0 FILE 6706 - Officer.ldr
0 Officer
0 Name: 6706 - Officer.ldr
0 Author: Willy Tschager [Holly-Wood]
0 !LDRAW_ORG Model
0 !LICENSE Redistributable under CCAL version 2.0 : see CAreadme.txt

0 !THEME Western / Cowboys

0 ROTATION CENTER 0 0 0 1 "Custom"
0 ROTATION CONFIG 0 0
1 1 0 -27 0 1 0 0 0 1 0 0 0 1 3629.dat
1 14 0 -27 0 1 0 0 0 1 0 0 0 1 3626bp39.dat
1 15 0 0 0 1 0 0 0 1 0 0 0 1 30133.dat
1 1 0 0 0 1 0 0 0 1 0 0 0 1 973pw2.dat
1 1 0 32 0 1 0 0 0 1 0 0 0 1 3815.dat
1 1 -15.552 9 0 0.985 -0.0411267 -0.16495 0.17 0.238293 0.955741 0 -0.970296 0.241922 3818.dat
1 1 15.552 9 0 0.985 0.17 0 -0.17 0.985 0 0 0 1 3819.dat
1 15 -19.7431 2.72241 -20.7006 0.985 -0.145696 -0.0875433 0.17 0.844182 0.507236 0 -0.51496 0.857038 3820.dat
1 15 23.8634 26.5956 -10.321 0.985 0.12019 -0.12019 -0.17 0.696395 -0.696395 0 0.707 0.707 3820.dat
1 334 -18.9552 -1.84271 -28.4139 0.877864 -0.162511 0.449495 0.00336097 0.941608 0.334179 -0.477974 -0.292108 0.827874 71342.dat
1 7 24 37 -30.5 0.996195 -0.0225576 0.084186 0 0.965926 0.258819 -0.0871557 -0.257834 0.96225 30141.dat
1 1 0 44 0 1 0 0 0 1 0 0 0 1 3816.dat
1 1 0 44 0 1 0 0 0 0.642788 -0.766044 0 0.766044 0.642788 3817.dat

0 FILE 6706 - Soldier.ldr
0 Soldier
0 Name: 6706 - Soldier.ldr
0 Author: Willy Tschager [Holly-Wood]
0 !LDRAW_ORG Model
0 !LICENSE Redistributable under CCAL version 2.0 : see CAreadme.txt

0 !THEME Western / Cowboys

0 ROTATION CENTER 0 0 0 1 "Custom"
0 ROTATION CONFIG 0 0
1 1 0 -27 0 1 0 0 0 1 0 0 0 1 30135.dat
1 14 0 -27 0 1 0 0 0 1 0 0 0 1 3626bps9.dat
1 15 0 0 0 1 0 0 0 1 0 0 0 1 30133.dat
1 1 0 0 0 1 0 0 0 1 0 0 0 1 973pw3.dat
1 1 0 32 0 1 0 0 0 1 0 0 0 1 3815.dat
1 1 -15.552 9 0 0.985 -0.109274 -0.130228 0.17 0.633146 0.754554 0 -0.766044 0.642788 3818.dat
1 1 15.552 9 0 0.985 0.17 0 -0.17 0.985 0 0 0 1 3819.dat
1 15 -21.38 12.2067 -21.006 0.999362 -0.0131549 -0.0148142 0.0144286 0.995618 0.0858354 0.0136321 -0.0860697 0.996044 3820.dat
1 15 23.8634 26.5956 -10.321 0.985 0.12019 -0.12019 -0.17 0.696395 -0.696395 0 0.707 0.707 3820.dat
1 15 30 39.5 -24 0.0530822 -0.983102 -0.175192 0.458723 0.179839 -0.87019 0.886992 -0.034173 0.460518 3069bp03.dat
1 15 -19.616 -92.458 -44.731 -0.999362 0.0163453 0.0111863 -0.0177838 -0.98948 -0.137779 0.00881793 -0.13776 0.989966 4095.dat
1 15 -19.6159 -101.458 -47.2308 0.999362 -0.0163453 -0.0111863 0.0144286 0.986522 -0.157679 0.0136321 0.157555 0.986992 2335pw1.dat
1 1 0 44 0 1 0 0 0 0.75471 0.656059 0 -0.656059 0.75471 3816.dat
1 1 0 44 0 1 0 0 0 0.62932 -0.777146 0 0.777146 0.62932 3817.dat

0 FILE 6706 - Horse.ldr
0 Horse
0 Name: 6706 - Horse.ldr
0 Author: Willy Tschager [Holly-Wood]
0 !LDRAW_ORG Model
0 !LICENSE Redistributable under CCAL version 2.0 : see CAreadme.txt

0 !THEME Western / Cowboys

0 ROTATION CENTER 0 0 0 1 "Custom"
0 ROTATION CONFIG 0 0
1 0 0 0 0 1 0 0 0 1 0 0 0 1 4493c01.dat
1 6 0 -8 0 1 0 0 0 1 0 0 0 1 4491b.dat
1 7 31 -42 27.5 1 0 0 0 0 -1 0 1 0 30141.dat

