0 FILE 7161 - Gungan Sub.ldr
0 Gungan Sub
0 Name: 7161 - Gungan Sub.ldr
0 Author: Stan Isachenko [angmarec]
0 !LDRAW_ORG Model
0 !LICENSE Redistributable under CCAL version 2.0 : see CAreadme.txt
0 !THEME Star Wars, Episode I

1 0 0 0 0 1 0 0 0 1 0 0 0 1 7161 - Part1.ldr
1 0 0 0 0 1 0 0 0 1 0 0 0 1 7161 - Part2.ldr
1 0 0 0 120 1 0 0 0 1 0 0 0 1 7161 - Part3.ldr
1 0 0 -8 20 1 0 0 0 1 0 0 0 1 7161 - Part4.ldr
1 0 0 -8 60 1 0 0 0 1 0 0 0 1 7161 - Part5.ldr
1 0 0 -46 770 0.707 0.707 0 -0.707 0.707 0 0 0 1 7161 - Part6.ldr
1 0 0 0 0 1 0 0 0 1 0 0 0 1 7161 - Hose Flexible 30L.ldr
1 0 46 -46 0 0 1 0 -1 0 0 0 0 1 7161 - Hose Flexible 30L.ldr
1 0 0 -92 0 -1 0 0 0 -1 0 0 0 1 7161 - Hose Flexible 30L.ldr
1 0 -46 -46 0 0 -1 0 1 0 0 0 0 1 7161 - Hose Flexible 30L.ldr
1 0 0 -32 -92 1 0 0 0 1 0 0 0 1 7161 - Minifig - Qui-Gon Jinn.ldr
1 0 -160 -32 68 1 0 0 0 1 0 0 0 1 7161 - Minifig - Jar Jar Binks.ldr
1 0 160 -32 68 1 0 0 0 1 0 0 0 1 7161 - Minifig - Obi-Wan Kenobi.ldr
1 0 -448.759 24 410.099 0.707107 0 -0.707107 0 1 0 0.707107 0 0.707107 7161 - Island.ldr
1 0 -498.51 -68 -24.749 0.707 0 -0.707 0 1 0 0.707 0 0.707 7161 - 30084.dat


0 FILE 7161 - Part1.ldr
0 Part1
0 Name: 7161 - Part1.ldr
0 Author: Stan Isachenko [angmarec]
0 !LDRAW_ORG Model
0 !LICENSE Redistributable under CCAL version 2.0 : see CAreadme.txt
0 !THEME Star Wars, Episode I
1 7 40 24 -120 0 0 1 0 1 0 -1 0 0 3029.dat
1 7 -40 24 -120 0 0 1 0 1 0 -1 0 0 3029.dat
1 1 40 0 -20 -1 0 0 0 1 0 0 0 -1 3003.dat
1 1 -40 0 -20 -1 0 0 0 1 0 0 0 -1 3003.dat
1 7 0 0 -20 0 0 -1 0 1 0 1 0 0 6232.dat
1 0 70 0 -40 0 0 -1 0 1 0 1 0 0 2653.dat
1 0 -70 0 -40 0 0 1 0 1 0 -1 0 0 2653.dat
1 38 -70 0 -100 0 0 1 0 1 0 -1 0 0 3004.dat
1 38 70 0 -100 0 0 1 0 1 0 -1 0 0 3004.dat
1 0 0 -8 -50 1 0 0 0 1 0 0 0 1 2432.dat
1 1 -100 0 -140 1 0 0 0 1 0 0 0 1 3001.dat
1 1 100 0 -140 1 0 0 0 1 0 0 0 1 3001.dat
1 1 -50 0 -170 -1 0 0 0 1 0 0 0 -1 4286.dat
1 1 50 0 -170 -1 0 0 0 1 0 0 0 -1 4286.dat
1 1 -50 0 -60 0 0 1 0 1 0 -1 0 0 3004.dat
1 1 50 0 -60 0 0 1 0 1 0 -1 0 0 3004.dat
1 7 -140 24 -180 0 0 1 0 1 0 -1 0 0 6106.dat
1 7 140 24 -180 1 0 0 0 1 0 0 0 1 6106.dat
1 38 -80 0 -170 1 0 0 0 1 0 0 0 1 3004.dat
1 38 40 0 -230 1 0 0 0 1 0 0 0 1 3004.dat
1 38 -40 0 -230 1 0 0 0 1 0 0 0 1 3004.dat
1 1 0 16 -230 1 0 0 0 1 0 0 0 1 3023.dat
1 7 0 8 -230 1 0 0 0 1 0 0 0 1 3023.dat
1 1 0 0 -230 1 0 0 0 1 0 0 0 1 4623.dat
1 7 0 -24 -20 0 0 -1 0 1 0 1 0 0 6232.dat
1 7 50 -24 -10 -1 0 0 0 1 0 0 0 -1 3622.dat
1 7 -50 -24 -10 -1 0 0 0 1 0 0 0 -1 3622.dat
1 0 0 0 -200 1 0 0 0 1 0 0 0 1 3006.dat
1 7 -70 -8 -50 0 0 -1 0 1 0 1 0 0 3623.dat
1 7 70 -8 -50 0 0 -1 0 1 0 1 0 0 3623.dat
1 7 -80 0 -230 1 0 0 0 1 0 0 0 1 3298.dat
1 7 80 0 -230 1 0 0 0 1 0 0 0 1 3298.dat
1 7 120 0 -170 1 0 0 0 1 0 0 0 1 3298.dat
1 7 160 0 -130 1 0 0 0 1 0 0 0 1 3298.dat
1 7 -120 0 -170 1 0 0 0 1 0 0 0 1 3298.dat
1 7 -160 0 -130 1 0 0 0 1 0 0 0 1 3298.dat
1 7 90 24 -270 1 0 0 0 1 0 0 0 1 2450.dat
1 7 -90 24 -270 0 0 1 0 1 0 -1 0 0 2450.dat
1 8 0 -32 -10 1 0 0 0 1 0 0 0 1 3460.dat
1 8 120 -8 -140 1 0 0 0 1 0 0 0 1 6106.dat
1 8 -120 -8 -140 0 0 1 0 1 0 -1 0 0 6106.dat
1 8 -80 -8 -220 0 0 1 0 1 0 -1 0 0 3068b.dat
1 8 80 -8 -220 0 0 1 0 1 0 -1 0 0 3068b.dat
1 7 50 -24 -30 1 0 0 0 1 0 0 0 1 4286.dat
1 7 -50 -24 -30 1 0 0 0 1 0 0 0 1 4286.dat
1 1 -70 -32 -60 0 0 1 0 1 0 -1 0 0 3010.dat
1 1 70 -32 -60 0 0 1 0 1 0 -1 0 0 3010.dat
1 1 -50 -24 -170 1 0 0 0 1 0 0 0 1 4286.dat
1 1 50 -24 -170 1 0 0 0 1 0 0 0 1 4286.dat
1 1 110 -16 -110 1 0 0 0 1 0 0 0 1 2450.dat
1 1 -110 -16 -110 0 0 1 0 1 0 -1 0 0 2450.dat
1 7 -70 -32 -110 1 0 0 0 1 0 0 0 1 4286.dat
1 7 70 -32 -110 1 0 0 0 1 0 0 0 1 4286.dat
1 1 90 -40 -90 1 0 0 0 1 0 0 0 1 4286.dat
1 1 -90 -40 -90 1 0 0 0 1 0 0 0 1 4286.dat
1 7 0 -24 -190 1 0 0 0 1 0 0 0 1 3297.dat
1 7 -70 -56 -70 1 0 0 0 1 0 0 0 1 4286.dat
1 7 70 -56 -70 1 0 0 0 1 0 0 0 1 4286.dat
1 7 70 -56 -30 0 0 -1 0 1 0 1 0 0 3622.dat
1 7 -70 -56 -30 0 0 -1 0 1 0 1 0 0 3622.dat
1 7 0 -56 -10 -1 0 0 0 1 0 0 0 -1 3009.dat
1 1 10 -80 -10 0 0 -1 0 1 0 1 0 0 4286.dat
1 1 -10 -80 -10 0 0 1 0 1 0 -1 0 0 4286.dat
1 7 70 -64 -40 0 0 1 0 1 0 -1 0 0 2431.dat
1 7 -70 -64 -40 0 0 1 0 1 0 -1 0 0 2431.dat
1 0 0 0 -170 -1 0 0 0 1 0 0 0 -1 3037.dat
1 7 20 -24 -170 -1 0 0 0 1 0 0 0 -1 3937.dat
1 7 -20 -24 -170 -1 0 0 0 1 0 0 0 -1 3937.dat
1 1 -20 -18.067 -160.865 -1 0 0 0 0.407 -0.914 0 -0.914 -0.407 3938.dat
1 1 20 -18.067 -160.865 -1 0 0 0 0.407 -0.914 0 -0.914 -0.407 3938.dat
1 1 0 -4 -252 1 0 0 0 1 0 0 0 1 2564.dat
1 47 0 -57.74 -47.172 1 0 0 0 0.407 0.914 0 -0.914 0.407 30366ps2.dat
1 1 50 -48.605 -43.104 1 0 0 0 0.407 0.914 0 -0.914 0.407 3062b.dat
1 1 -50 -48.605 -43.104 1 0 0 0 0.407 0.914 0 -0.914 0.407 3062b.dat
1 42 50 -51.859 -35.796 1 0 0 0 0.407 0.914 0 -0.914 0.407 4073.dat
1 42 -50 -51.859 -35.796 1 0 0 0 0.407 0.914 0 -0.914 0.407 4073.dat
1 1 0 -60.994 -39.863 1 0 0 0 0.407 0.914 0 -0.914 0.407 3020.dat
1 7 0 -55.113 -28.488 1 0 0 0 0.407 0.914 0 -0.914 0.407 6636.dat



0 FILE 7161 - Part2.ldr
0 Part2
0 Name: 7161 - Part2.ldr
0 Author: Stan Isachenko [angmarec]
0 !LDRAW_ORG Model
0 !LICENSE Redistributable under CCAL version 2.0 : see CAreadme.txt
0 !THEME Star Wars, Episode I
1 0 -40 24 60 0 0 -1 0 1 0 1 0 0 6180.dat
1 0 40 24 60 0 0 1 0 1 0 -1 0 0 6180.dat
1 7 -120 24 0 0 0 -1 0 1 0 1 0 0 3029.dat
1 7 120 24 0 0 0 -1 0 1 0 1 0 0 3029.dat
1 1 0 0 10 1 0 0 0 1 0 0 0 1 3703.dat
1 0 -90 0 60 0 0 -1 0 1 0 1 0 0 3037.dat
1 0 90 0 60 0 0 1 0 1 0 -1 0 0 3037.dat
1 1 110 0 30 -1 0 0 0 1 0 0 0 -1 4286.dat
1 1 -110 0 30 -1 0 0 0 1 0 0 0 -1 4286.dat
1 1 -160 16 30 -1 0 0 0 1 0 0 0 -1 2431.dat
1 1 160 16 30 -1 0 0 0 1 0 0 0 -1 2431.dat
1 1 130 16 60 0 0 -1 0 1 0 1 0 0 7161 - 3069bps9.dat
1 1 -130 16 60 0 0 -1 0 1 0 1 0 0 7161 - 3069bps9.dat
1 7 200 24 160 1 0 0 0 1 0 0 0 1 3029.dat
1 1 310 0 160 0 0 -1 0 1 0 1 0 0 3010.dat
1 1 160 0 200 -1 0 0 0 1 0 0 0 -1 44237.dat
1 1 90 16 160 0 0 1 0 1 0 -1 0 0 3710.dat
1 0 90 8 180 0 0 1 0 1 0 -1 0 0 32028.dat
1 0 90 8 140 0 0 1 0 1 0 -1 0 0 32028.dat
1 1 90 0 160 0 0 1 0 1 0 -1 0 0 3710.dat
1 15 290 0 130 1 0 0 0 1 0 0 0 1 4070.dat
1 15 120 0 150 0 0 -1 0 1 0 1 0 0 3002.dat
1 1 110 -24 160 0 0 -1 0 1 0 1 0 0 3010.dat
1 1 220 0 120 -1 0 0 0 1 0 0 0 -1 44237.dat
1 1 250 0 200 0 0 -1 0 1 0 1 0 0 6565.dat
1 42 150 0 130 0 0 -1 0 1 0 1 0 0 3062b.dat
1 42 290 10 100 0 0 -1 -1 0 0 0 1 0 3062b.dat
1 1 200 -8 160 -1 0 0 0 1 0 0 0 -1 3035.dat
1 7 220 24 0 1 0 0 0 1 0 0 0 1 30355.dat
1 7 -220 24 0 1 0 0 0 1 0 0 0 1 30356.dat
1 1 -220 0 120 1 0 0 0 1 0 0 0 1 44237.dat
1 7 -200 24 160 1 0 0 0 1 0 0 0 1 3029.dat
1 1 -90 16 160 0 0 1 0 1 0 -1 0 0 3710.dat
1 0 -90 8 180 0 0 -1 0 1 0 1 0 0 32028.dat
1 0 -90 8 140 0 0 -1 0 1 0 1 0 0 32028.dat
1 1 -90 0 160 0 0 1 0 1 0 -1 0 0 3710.dat
1 15 -120 0 150 0 0 -1 0 1 0 1 0 0 3002.dat
1 42 -150 0 130 1 0 0 0 1 0 0 0 1 3062b.dat
1 1 0 0 110 1 0 0 0 1 0 0 0 1 3703.dat
1 1 -160 0 200 1 0 0 0 1 0 0 0 1 44237.dat
1 1 -250 0 200 0 0 1 0 1 0 -1 0 0 6564.dat
1 1 -110 -24 160 0 0 -1 0 1 0 1 0 0 3010.dat
1 1 -310 0 160 0 0 -1 0 1 0 1 0 0 3010.dat
1 15 -290 0 130 1 0 0 0 1 0 0 0 1 4070.dat
1 42 -290 10 100 0 0 -1 -1 0 0 0 1 0 3062b.dat
1 1 -200 -8 160 -1 0 0 0 1 0 0 0 -1 3035.dat
1 1 -90 16 -40 0 0 1 0 1 0 -1 0 0 3710.dat
1 1 90 16 -40 0 0 1 0 1 0 -1 0 0 3710.dat
1 0 -90 8 -20 0 0 -1 0 1 0 1 0 0 32028.dat
1 0 -90 8 -60 0 0 -1 0 1 0 1 0 0 32028.dat
1 0 90 8 -20 0 0 1 0 1 0 -1 0 0 32028.dat
1 0 90 8 -60 0 0 1 0 1 0 -1 0 0 32028.dat
1 1 -90 0 -40 0 0 1 0 1 0 -1 0 0 3710.dat
1 1 90 0 -40 0 0 1 0 1 0 -1 0 0 3710.dat
1 15 190 16 60 0 0 1 0 1 0 -1 0 0 3069bps1.dat
1 0 160 16 -10 1 0 0 0 1 0 0 0 1 30244.dat
1 0 160 16 -30 1 0 0 0 1 0 0 0 1 30244.dat
1 0 160 16 -50 1 0 0 0 1 0 0 0 1 30244.dat
1 0 -160 16 -10 1 0 0 0 1 0 0 0 1 30244.dat
1 0 -160 16 -30 1 0 0 0 1 0 0 0 1 30244.dat
1 0 -160 16 -50 1 0 0 0 1 0 0 0 1 30244.dat
1 1 -210 0 30 -1 0 0 0 1 0 0 0 -1 4286.dat
1 1 210 0 30 -1 0 0 0 1 0 0 0 -1 4286.dat
1 15 -250 0 80 -1 0 0 0 1 0 0 0 -1 3002.dat
1 15 250 0 80 -1 0 0 0 1 0 0 0 -1 3002.dat
1 0 130 16 -30 0 0 1 0 1 0 -1 0 0 3623.dat
1 0 -130 16 -30 0 0 1 0 1 0 -1 0 0 3623.dat
1 15 -130 -8 -10 0 0 1 0 1 0 -1 0 0 6231.dat
1 15 130 -8 -10 1 0 0 0 1 0 0 0 1 6231.dat
1 15 130 -8 -40 0 0 -1 0 1 0 1 0 0 4865b.dat
1 15 -130 -8 -40 0 0 1 0 1 0 -1 0 0 4865b.dat
1 0 190 16 -30 0 0 1 0 1 0 -1 0 0 3623.dat
1 15 190 -8 -40 0 0 1 0 1 0 -1 0 0 4865b.dat
1 15 190 -8 -10 0 0 1 0 1 0 -1 0 0 6231.dat
1 0 -190 16 -30 0 0 1 0 1 0 -1 0 0 3623.dat
1 15 -190 -8 -40 0 0 -1 0 1 0 1 0 0 4865b.dat
1 15 -190 -8 -10 1 0 0 0 1 0 0 0 1 6231.dat
1 4 -200 0 10 -1 0 0 0 1 0 0 0 -1 3010.dat
1 4 200 0 10 -1 0 0 0 1 0 0 0 -1 3010.dat
1 7 -90 -24 120 0 0 1 0 1 0 -1 0 0 3008.dat
1 7 90 -24 120 0 0 1 0 1 0 -1 0 0 3008.dat
1 1 -260 0 30 1 0 0 0 1 0 0 0 1 6564.dat
1 1 -240 0 -30 1 0 0 0 1 0 0 0 1 6564.dat
1 1 260 0 30 1 0 0 0 1 0 0 0 1 6565.dat
1 1 240 0 -30 1 0 0 0 1 0 0 0 1 6565.dat
1 7 120 0 -70 1 0 0 0 1 0 0 0 1 3298.dat
1 7 -120 0 -70 1 0 0 0 1 0 0 0 1 3298.dat
1 8 -180 -8 110 1 0 0 0 1 0 0 0 1 3460.dat
1 8 180 -8 110 1 0 0 0 1 0 0 0 1 3460.dat
1 7 180 0 -70 1 0 0 0 1 0 0 0 1 3297.dat
1 7 -180 0 -70 1 0 0 0 1 0 0 0 1 3297.dat
1 7 -70 -24 60 0 0 -1 0 1 0 1 0 0 3009.dat
1 7 70 -24 60 0 0 -1 0 1 0 1 0 0 3009.dat
1 8 0 -24 110 -1 0 0 0 1 0 0 0 -1 3700.dat
1 8 0 -24 10 -1 0 0 0 1 0 0 0 -1 3700.dat
1 0 130 -16 120 0 0 -1 0 1 0 1 0 0 30244.dat
1 0 -130 -16 120 0 0 -1 0 1 0 1 0 0 30244.dat
1 8 160 -8 10 1 0 0 0 1 0 0 0 1 2431ps1.dat
1 8 -160 -8 10 1 0 0 0 1 0 0 0 1 2431ps1.dat
1 7 -260 -8 20 1 0 0 0 1 0 0 0 1 3934.dat
1 7 310 -8 140 0 0 -1 0 1 0 1 0 0 2419.dat
1 7 -310 -8 140 0 0 1 0 1 0 -1 0 0 2419.dat
1 1 -100 -24 -20 0 0 1 0 1 0 -1 0 0 44237.dat
1 1 100 -24 -20 0 0 1 0 1 0 -1 0 0 44237.dat
1 1 210 -8 -20 0 0 1 0 1 0 -1 0 0 3666.dat
1 1 -210 -8 -20 0 0 1 0 1 0 -1 0 0 3666.dat
1 0 -100 -32 160 0 0 1 0 1 0 -1 0 0 3020.dat
1 0 100 -32 160 0 0 1 0 1 0 -1 0 0 3020.dat
1 7 0 -32 110 1 0 0 0 1 0 0 0 1 4477.dat
1 7 0 -32 10 1 0 0 0 1 0 0 0 1 4477.dat
1 7 -160 -8 -70 -1 0 0 0 1 0 0 0 -1 4625.dat
1 7 160 -8 -70 -1 0 0 0 1 0 0 0 -1 4625.dat
1 1 160 -16 -40 -1 0 0 0 1 0 0 0 -1 4213.dat
1 1 -160 -16 -40 -1 0 0 0 1 0 0 0 -1 4213.dat
1 1 -170 -40 -10 1 0 0 0 1 0 0 0 1 4286.dat
1 1 -150 -40 -10 1 0 0 0 1 0 0 0 1 4286.dat
1 1 170 -40 -10 1 0 0 0 1 0 0 0 1 4286.dat
1 1 150 -40 -10 1 0 0 0 1 0 0 0 1 4286.dat
1 7 -160 -16 150 1 0 0 0 1 0 0 0 1 4625.dat
1 7 160 -16 150 1 0 0 0 1 0 0 0 1 4625.dat
1 1 10 -56 110 0 0 -1 0 1 0 1 0 0 4286.dat
1 1 -10 -56 110 0 0 1 0 1 0 -1 0 0 4286.dat
1 7 80 -32 60 0 0 1 0 1 0 -1 0 0 3020.dat
1 7 -80 -32 60 0 0 1 0 1 0 -1 0 0 3020.dat
1 1 -70 -56 80 0 0 1 0 1 0 -1 0 0 3037.dat
1 1 70 -56 80 0 0 -1 0 1 0 1 0 0 3037.dat
1 1 220 -32 170 -1 0 0 0 1 0 0 0 -1 3039.dat
1 1 -220 -32 170 -1 0 0 0 1 0 0 0 -1 3039.dat
1 7 250 -32 140 0 0 -1 0 1 0 1 0 0 3297.dat
1 7 -250 -32 140 0 0 1 0 1 0 -1 0 0 3297.dat
1 1 -250 -32 30 1 0 0 0 1 0 0 0 1 3040b.dat
1 1 250 -32 30 1 0 0 0 1 0 0 0 1 3040b.dat
1 1 -70 -56 10 1 0 0 0 1 0 0 0 1 2357.dat
1 1 70 -56 10 0 0 -1 0 1 0 1 0 0 2357.dat
1 1 -240 -32 70 0 0 -1 0 1 0 1 0 0 3002.dat
1 0 0 -56 10 -1 0 0 0 1 0 0 0 -1 3633.dat
1 1 90 -56 30 1 0 0 0 1 0 0 0 1 3040b.dat
1 1 -90 -56 30 1 0 0 0 1 0 0 0 1 3040b.dat
1 7 260 -8 20 1 0 0 0 1 0 0 0 1 3933.dat
1 1 240 -32 70 0 0 -1 0 1 0 1 0 0 3002.dat
1 1 220 -32 30 1 0 0 0 1 0 0 0 1 30363.dat
1 1 -220 -32 30 1 0 0 0 1 0 0 0 1 30363.dat
1 0 0 -80 110 -1 0 0 0 1 0 0 0 -1 3660.dat
1 7 0 -104 120 0 0 1 0 1 0 -1 0 0 3043.dat
1 1 -240 -40 100 0 0 1 0 1 0 -1 0 0 3034.dat
1 1 240 -40 100 0 0 1 0 1 0 -1 0 0 3034.dat
1 1 160 -53.425 142.045 1 0 0 0 0.485 0.875 0 -0.875 0.485 4213.dat
1 47 160 -67.04 125.352 1 0 0 0 0.485 0.875 0 -0.875 0.485 30366ps2.dat
1 15 -190 16 60 0 0 1 0 1 0 -1 0 0 3069bps1.dat
1 1 -160 -53.425 142.045 1 0 0 0 0.485 0.875 0 -0.875 0.485 4213.dat
1 47 -160 -67.04 125.352 1 0 0 0 0.485 0.875 0 -0.875 0.485 30366ps2.dat
1 7 70 -56 160 0 0 -1 0 1 0 1 0 0 3297.dat
1 7 -70 -56 160 0 0 1 0 1 0 -1 0 0 3297.dat
1 7 70 -64 160 0 0 1 0 1 0 -1 0 0 4625.dat
1 7 70 -64 80 0 0 1 0 1 0 -1 0 0 4625.dat
1 7 -70 -64 80 0 0 -1 0 1 0 1 0 0 4625.dat
1 7 -70 -64 160 0 0 -1 0 1 0 1 0 0 4625.dat
1 7 13.649 -105.579 159.948 0 0.616 -0.788 0 0.788 0.616 1 0 0 7161 - 2582ps0.dat
1 7 -13.649 -105.579 80.052 0 -0.616 0.788 0 0.788 0.616 -1 0 0 7161 - 2582ps0.dat
1 7 -13.649 -105.579 160.052 0 -0.616 0.788 0 0.788 0.616 -1 0 0 7161 - 2582ps0.dat
1 7 13.649 -105.579 79.948 0 0.616 -0.788 0 0.788 0.616 1 0 0 7161 - 2582ps0.dat
1 1 -8.723 -111.883 160.052 0 -0.616 0.788 0 0.788 0.616 -1 0 0 2431.dat
1 1 -8.723 -111.883 80.052 0 -0.616 0.788 0 0.788 0.616 -1 0 0 2431.dat
1 1 8.723 -111.883 159.948 0 0.616 0.788 0 0.788 -0.616 -1 0 0 2431.dat

1 1 8.723 -111.883 79.948 0 0.616 0.788 0 0.788 -0.616 -1 0 0 2431.dat
1 0 0 0 0 1 0 0 0 1 0 0 0 1 7161 - Hose Flexible 8.5L.ldr
1 0 0 0 0 -1 0 0 0 1 0 0 0 1 7161 - Hose Flexible 8.5L.ldr


0 FILE 7161 - Part3.ldr
0 Part3
0 Name: 7161 - Part3.ldr
0 Author: Stan Isachenko [angmarec]
0 !LDRAW_ORG Model
0 !LICENSE Redistributable under CCAL version 2.0 : see CAreadme.txt
0 !THEME Star Wars, Episode I
1 7 0 24 60 1 0 0 0 1 0 0 0 1 3036.dat
1 1 0 0 100 1 0 0 0 1 0 0 0 1 3007.dat
1 0 70 0 40 0 0 -1 0 1 0 1 0 0 2653.dat
1 0 -70 0 40 0 0 1 0 1 0 -1 0 0 2653.dat
1 1 -40 0 10 1 0 0 0 1 0 0 0 1 3004.dat
1 1 40 0 10 1 0 0 0 1 0 0 0 1 3004.dat
1 7 0 0 20 0 0 1 0 1 0 -1 0 0 6232.dat
1 7 0 -24 20 0 0 1 0 1 0 -1 0 0 6232.dat
1 1 0 -24 100 1 0 0 0 1 0 0 0 1 44237.dat
1 7 -70 -24 60 0 0 -1 0 1 0 1 0 0 3009.dat
1 7 70 -24 60 0 0 -1 0 1 0 1 0 0 3009.dat
1 8 0 -32 60 0 0 -1 0 1 0 1 0 0 3795.dat
1 7 30 -48 100 0 0 -1 0 1 0 1 0 0 3298.dat
1 7 -30 -48 100 0 0 1 0 1 0 -1 0 0 3298.dat
1 0 -40 -32 10 -1 0 0 0 1 0 0 0 -1 2432.dat
1 0 40 -32 10 -1 0 0 0 1 0 0 0 -1 2432.dat
1 1 70 -32 40 0 0 1 0 1 0 -1 0 0 2431.dat
1 1 -70 -32 40 0 0 1 0 1 0 -1 0 0 2431.dat
1 1 -30 -56 100 0 0 1 0 1 0 -1 0 0 3023.dat
1 1 30 -56 100 0 0 1 0 1 0 -1 0 0 3023.dat
1 8 0 -56 110 1 0 0 0 1 0 0 0 1 3700.dat
1 7 0 -46 95 1 0 0 0 1 0 0 0 1 32123a.dat
1 7 0 -46 85 1 0 0 0 1 0 0 0 1 32123a.dat
1 1 0 -46 145 1 0 0 0 0 1 0 -1 0 6222.dat
1 0 0 -46 120 0 0 -1 0 1 0 1 0 0 3705.dat
1 7 0 -46 155 1 0 0 0 1 0 0 0 1 32123a.dat
1 0 0 -86 135 0 -1 0 1 0 0 0 0 1 3673.dat
1 0 40 -46 135 1 0 0 0 1 0 0 0 1 3673.dat
1 0 -40 -46 135 1 0 0 0 1 0 0 0 1 3673.dat
1 0 0 -6 135 0 1 0 1 0 0 0 0 -1 3673.dat
1 7 0 -96 135 0 1 0 1 0 0 0 0 -1 32013.dat
1 7 0 4 135 0 1 0 1 0 0 0 0 -1 32013.dat
1 7 -50 -46 135 1 0 0 0 -1 0 0 0 -1 32013.dat
1 7 50 -46 135 1 0 0 0 -1 0 0 0 -1 32013.dat
1 38 0 -46 145 1 0 0 0 0 1 0 -1 0 30208.dat
1 1 0 -80 100 1 0 0 0 1 0 0 0 1 3001.dat
1 7 0 -88 90 -1 0 0 0 1 0 0 0 -1 2431ps1.dat



0 FILE 7161 - Part4.ldr
0 Part4
0 Name: 7161 - Part4.ldr
0 Author: Stan Isachenko [angmarec]
0 !LDRAW_ORG Model
0 !LICENSE Redistributable under CCAL version 2.0 : see CAreadme.txt
0 !THEME Star Wars, Episode I
1 0 0 24 20 -1 0 0 0 1 0 0 0 -1 3020.dat
1 0 30 0 20 0 0 -1 0 1 0 1 0 0 3660.dat
1 0 -30 0 20 0 0 1 0 1 0 -1 0 0 3660.dat
1 8 0 0 10 1 0 0 0 1 0 0 0 1 3700.dat
1 8 0 0 30 1 0 0 0 1 0 0 0 1 3700.dat
1 8 0 -24 30 1 0 0 0 1 0 0 0 1 3700.dat
1 8 0 -24 10 1 0 0 0 1 0 0 0 1 3700.dat
1 8 40 -24 30 1 0 0 0 1 0 0 0 1 30237.dat
1 8 -40 -24 30 1 0 0 0 1 0 0 0 1 30237.dat
1 1 -10 -32 30 -1 0 0 0 1 0 0 0 -1 2420.dat
1 1 10 -32 30 0 0 1 0 1 0 -1 0 0 2420.dat
1 1 0 -64 10 1 0 0 0 1 0 0 0 1 2432.dat
1 14 36 -24 10 0 1 0 0 0 1 1 0 0 4599b.dat
1 14 -36 -24 10 0 -1 0 0 0 1 -1 0 0 4599b.dat



0 FILE 7161 - Part5.ldr
0 Part5
0 Name: 7161 - Part5.ldr
0 Author: Stan Isachenko [angmarec]
0 !LDRAW_ORG Model
0 !LICENSE Redistributable under CCAL version 2.0 : see CAreadme.txt
0 !THEME Star Wars, Episode I
1 0 30 0 20 0 0 -1 0 1 0 1 0 0 3660.dat
1 0 -30 0 20 0 0 1 0 1 0 -1 0 0 3660.dat
1 8 0 0 10 1 0 0 0 1 0 0 0 1 3700.dat
1 1 -30 -8 30 0 0 1 0 1 0 -1 0 0 2420.dat
1 0 0 24 20 -1 0 0 0 1 0 0 0 -1 3020.dat
1 1 30 -8 30 -1 0 0 0 1 0 0 0 -1 2420.dat
1 7 0 0 30 -1 0 0 0 1 0 0 0 -1 2877.dat
1 8 0 -24 10 1 0 0 0 1 0 0 0 1 3700.dat
1 7 0 -32 30 -1 0 0 0 1 0 0 0 -1 2877.dat
1 7 0 -32 10 1 0 0 0 1 0 0 0 1 3023.dat
1 7 50 -24 20 0 0 -1 0 1 0 1 0 0 3937.dat
1 7 -50 -24 20 0 0 1 0 1 0 -1 0 0 3937.dat
1 4 -50 -24 20 0 0 1 0 1 0 -1 0 0 6134.dat
1 4 50 -24 20 0 0 -1 0 1 0 1 0 0 6134.dat
1 0 0 -40 20 0 0 -1 0 1 0 1 0 0 3022.dat
1 1 0 -72 30 1 0 0 0 1 0 0 0 1 2432.dat
1 0 -40 -32 20 -1 0 0 0 1 0 0 0 -1 30358.dat
1 0 40 -32 20 -1 0 0 0 1 0 0 0 -1 30358.dat



0 FILE 7161 - Part6.ldr
0 Part6
0 Name: 7161 - Part6.ldr
0 Author: Stan Isachenko [angmarec]
0 !LDRAW_ORG Model
0 !LICENSE Redistributable under CCAL version 2.0 : see CAreadme.txt
0 !THEME Star Wars, Episode I
1 0 0 0 0 1 0 0 0 0 1 0 -1 0 4733.dat
1 1 0 0 24 1 0 0 0 0 1 0 -1 0 3062b.dat
1 1 0 18 -10 -1 0 0 0 -1 0 0 0 1 2555.dat
1 1 18 0 -10 0 -1 0 1 0 0 0 0 1 2555.dat
1 1 -18 0 -10 0 1 0 1 0 0 0 0 -1 2555.dat
1 1 0 -18 -10 -1 0 0 0 1 0 0 0 -1 2555.dat



0 FILE 7161 - Hose Flexible 8.5L.ldr
0 Hose Flexible 8.5L
0 Name: 7161 - Hose Flexible 8.5L.ldr
0 Author: Stan Isachenko [angmarec]
0 !LDRAW_ORG Model
0 !LICENSE Redistributable under CCAL version 2.0 : see CAreadme.txt
0 !THEME Star Wars, Episode I
1 7 230 -56 170 0 0 1 0 1 0 -1 0 0 750.dat
1 7 290 -24 190 0 0 1 0 1 0 -1 0 0 750.dat
1 7 230 -56 170 0 -0.011 1 -0.019 -1 -0.011 -1 0.019 0 755.dat
1 7 229.879 -62.954 170.23 0.011 -0.026 1 -0.052 -0.998 -0.026 -0.999 0.052 0.013 756.dat
1 7 229.763 -66.194 170.485 0.021 -0.036 0.999 -0.082 -0.996 -0.035 -0.997 0.081 0.023 756.dat
1 7 229.63 -69.413 170.83 0.029 -0.042 0.999 -0.11 -0.993 -0.038 -0.994 0.109 0.034 756.dat
1 7 229.495 -72.63 171.264 0.038 -0.041 0.998 -0.137 -0.99 -0.036 -0.99 0.136 0.044 756.dat
1 7 229.38 -75.845 171.784 0.047 -0.035 0.998 -0.163 -0.986 -0.027 -0.985 0.162 0.052 756.dat
1 7 229.309 -79.027 172.384 0.057 -0.021 0.998 -0.188 -0.982 -0.01 -0.981 0.187 0.06 756.dat
1 7 229.309 -82.205 173.067 0.066 0.002 0.998 -0.211 -0.977 0.016 -0.975 0.212 0.065 756.dat
1 7 229.418 -85.371 173.829 0.077 0.036 0.996 -0.233 -0.971 0.053 -0.97 0.236 0.066 756.dat
1 7 229.685 -88.493 174.662 0.088 0.086 0.992 -0.251 -0.962 0.106 -0.964 0.259 0.063 756.dat
1 7 230.178 -91.587 175.568 0.1 0.157 0.983 -0.266 -0.947 0.178 -0.959 0.279 0.053 756.dat
1 7 230.977 -94.583 176.523 0.112 0.254 0.961 -0.276 -0.921 0.275 -0.955 0.296 0.034 756.dat
1 7 232.189 -97.419 177.502 0.123 0.384 0.915 -0.277 -0.872 0.403 -0.953 0.303 0.001 756.dat
1 7 233.918 -100 178.46 0.129 0.544 0.829 -0.267 -0.786 0.557 -0.955 0.294 -0.044 756.dat
1 7 236.178 -102.147 179.311 0.125 0.71 0.693 -0.247 -0.654 0.715 -0.961 0.261 -0.094 756.dat
1 7 238.896 -103.785 179.998 0.108 0.846 0.522 -0.222 -0.491 0.842 -0.969 0.207 -0.135 756.dat
1 7 241.89 -104.895 180.487 0.083 0.932 0.353 -0.2 -0.332 0.922 -0.976 0.147 -0.159 756.dat
1 7 245.056 -105.576 180.799 0.055 0.976 0.212 -0.182 -0.199 0.963 -0.982 0.091 -0.167 756.dat
1 7 248.277 -105.912 180.958 0.029 0.994 0.102 -0.168 -0.096 0.981 -0.985 0.046 -0.164 756.dat
1 7 251.522 -105.985 180.999 0.007 1 0.018 -0.157 -0.016 0.988 -0.988 0.01 -0.157 756.dat
1 7 254.771 -105.729 181.052 0.029 0.996 -0.084 -0.146 0.087 0.985 -0.989 0.017 -0.148 756.dat
1 7 257.939 -105.078 181.173 0.068 0.977 -0.203 -0.13 0.21 0.969 -0.989 0.039 -0.142 756.dat
1 7 261.011 -104.025 181.368 0.104 0.941 -0.323 -0.11 0.333 0.936 -0.989 0.061 -0.138 756.dat
1 7 263.899 -102.599 181.627 0.134 0.89 -0.436 -0.086 0.449 0.889 -0.987 0.082 -0.137 756.dat
1 7 266.62 -100.824 181.944 0.158 0.828 -0.538 -0.061 0.552 0.832 -0.986 0.099 -0.138 756.dat
1 7 269.104 -98.778 182.304 0.175 0.762 -0.624 -0.036 0.638 0.769 -0.984 0.112 -0.139 756.dat
1 7 271.373 -96.501 182.696 0.185 0.696 -0.694 -0.013 0.708 0.706 -0.983 0.122 -0.14 756.dat
1 7 273.45 -94.025 183.114 0.19 0.632 -0.751 0.008 0.764 0.645 -0.982 0.129 -0.141 756.dat
1 7 275.332 -91.406 183.546 0.192 0.573 -0.796 0.026 0.808 0.588 -0.981 0.133 -0.14 756.dat
1 7 277.03 -88.681 183.986 0.19 0.52 -0.833 0.041 0.843 0.536 -0.981 0.136 -0.139 756.dat
1 7 278.574 -85.86 184.43 0.186 0.472 -0.862 0.054 0.871 0.488 -0.981 0.137 -0.137 756.dat
1 7 279.973 -82.966 184.874 0.18 0.428 -0.886 0.064 0.893 0.445 -0.982 0.137 -0.133 756.dat
1 7 281.251 -79.996 185.318 0.173 0.388 -0.905 0.073 0.911 0.405 -0.982 0.136 -0.129 756.dat
1 7 282.407 -76.985 185.753 0.165 0.352 -0.921 0.079 0.926 0.368 -0.983 0.134 -0.125 756.dat
1 7 283.452 -73.943 186.179 0.156 0.32 -0.935 0.084 0.938 0.335 -0.984 0.131 -0.119 756.dat
1 7 284.402 -70.858 186.596 0.147 0.29 -0.946 0.088 0.949 0.304 -0.985 0.128 -0.114 756.dat
1 7 285.258 -67.757 186.999 0.137 0.262 -0.955 0.09 0.957 0.275 -0.986 0.124 -0.108 756.dat
1 7 286.033 -64.621 187.389 0.127 0.236 -0.963 0.091 0.964 0.248 -0.988 0.119 -0.101 756.dat
1 7 286.726 -61.475 187.761 0.117 0.212 -0.97 0.091 0.971 0.223 -0.989 0.114 -0.094 756.dat
1 7 287.348 -58.298 188.117 0.106 0.189 -0.976 0.09 0.976 0.199 -0.99 0.109 -0.087 756.dat
1 7 287.899 -55.114 188.451 0.096 0.168 -0.981 0.087 0.981 0.176 -0.992 0.102 -0.079 756.dat
1 7 288.381 -51.922 188.762 0.085 0.147 -0.985 0.083 0.985 0.154 -0.993 0.095 -0.071 756.dat
1 7 288.798 -48.722 189.047 0.074 0.127 -0.989 0.078 0.988 0.133 -0.994 0.087 -0.063 756.dat
1 7 289.155 -45.491 189.305 0.063 0.108 -0.992 0.072 0.991 0.112 -0.995 0.078 -0.055 756.dat
1 7 289.448 -42.273 189.529 0.053 0.089 -0.995 0.064 0.994 0.092 -0.997 0.068 -0.047 756.dat
1 7 289.681 -39.023 189.717 0.042 0.07 -0.997 0.054 0.996 0.072 -0.998 0.057 -0.038 756.dat
1 7 289.851 -35.787 189.863 0.031 0.051 -0.998 0.042 0.998 0.052 -0.999 0.044 -0.029 756.dat
1 7 289.957 -32.543 189.959 0.02 0.031 -0.999 0.028 0.999 0.032 -0.999 0.029 -0.019 756.dat
1 7 289.997 -29.294 189.997 0.01 0.011 -1 0.01 1 0.011 -1 0.01 -0.01 756.dat
1 7 290.054 -24.001 190.052 0 -0.011 -1 0.01 -1 0.011 -1 -0.01 0 755.dat



0 FILE 7161 - Island.ldr
0 Island
0 Name: 7161 - Island.ldr
0 Author: Stan Isachenko [angmarec]
0 !LDRAW_ORG Model
0 !LICENSE Redistributable under CCAL version 2.0 : see CAreadme.txt
0 !THEME Star Wars, Episode I
1 0 0 0 0 1 0 0 0 1 0 0 0 1 3456.dat
1 8 -100 -24 40 1 0 0 0 1 0 0 0 1 3003.dat
1 8 100 -24 40 1 0 0 0 1 0 0 0 1 3003.dat
1 7 40 -24 40 1 0 0 0 1 0 0 0 1 3001.dat
1 7 -40 -24 40 1 0 0 0 1 0 0 0 1 3001.dat
1 8 80 -24 -40 1 0 0 0 1 0 0 0 1 3003.dat
1 8 -80 -24 -40 1 0 0 0 1 0 0 0 1 3003.dat
1 6 -130 -8 40 0 0 -1 0 1 0 1 0 0 3069b.dat
1 6 130 -8 40 0 0 -1 0 1 0 1 0 0 3069b.dat
1 7 0 -48 40 1 0 0 0 1 0 0 0 1 3001.dat
1 7 80 -48 0 0 0 -1 0 1 0 1 0 0 3001.dat
1 7 -80 -48 0 0 0 -1 0 1 0 1 0 0 3001.dat
1 7 -40 -72 20 -1 0 0 0 1 0 0 0 -1 3001.dat
1 7 40 -72 20 -1 0 0 0 1 0 0 0 -1 3001.dat
1 8 -60 -72 -20 1 0 0 0 1 0 0 0 1 3003.dat
1 8 60 -72 -20 1 0 0 0 1 0 0 0 1 3003.dat
1 7 -40 -96 0 0 0 -1 0 1 0 1 0 0 3001.dat
1 7 40 -96 0 0 0 -1 0 1 0 1 0 0 3001.dat
1 8 0 -96 20 1 0 0 0 1 0 0 0 1 3003.dat
1 6 -70 -80 0 0 0 -1 0 1 0 1 0 0 3069b.dat
1 6 70 -80 0 0 0 -1 0 1 0 1 0 0 3069b.dat
1 7 0 -120 20 1 0 0 0 1 0 0 0 1 3001.dat
1 8 20 -168 20 1 0 0 0 1 0 0 0 1 3942b.dat
1 8 -40 -144 -20 1 0 0 0 1 0 0 0 1 3942b.dat
1 8 -120 -48 0 1 0 0 0 1 0 0 0 1 3942b.dat
1 8 120 -48 0 1 0 0 0 1 0 0 0 1 3942b.dat
1 2 120 -52 0 -1 0 0 0 1 0 0 0 -1 30093.dat
1 2 -120 -52 0 -1 0 0 0 1 0 0 0 -1 30093.dat
1 2 -40 -148 -20 -1 0 0 0 1 0 0 0 -1 30093.dat
1 2 20 -172 20 -1 0 0 0 1 0 0 0 -1 30093.dat
1 462 20 -16 -40 0.866 0 0.5 0 1 0 -0.5 0 0.866 33122.dat
1 462 -30 0 -51 1 0 0 0 1 0 0 0 1 7161 - 30218.dat


0 FILE 7161 - Minifig - Jar Jar Binks.ldr
0 Minifig - Jar Jar Binks
0 Name: 7161 - Minifig - Jar Jar Binks.ldr
0 Author: Stan Isachenko [angmarec]
0 !LDRAW_ORG Model
0 !LICENSE Redistributable under CCAL version 2.0 : see CAreadme.txt
0 !THEME Star Wars, Episode I
1 19 0 0 0 1 0 0 0 1 0 0 0 1 973pr6.dat
1 19 -15.552 9 0 0.985 -0.17 0 0.17 0.985 0 0 0 1 3818.dat
1 19 15.552 9 0 0.985 0.17 0 -0.17 0.985 0 0 0 1 3819.dat
1 19 -23.8634 26.5956 -10.321 0.985 -0.12019 0.12019 0.17 0.696395 -0.696395 0 0.707 0.707 3820.dat
1 19 23.8634 26.5956 -10.321 0.985 0.12019 -0.12019 -0.17 0.696395 -0.696395 0 0.707 0.707 3820.dat
1 19 0 0 0 1 0 0 0 1 0 0 0 1 7161 - 30371.dat
1 8 0 32 0 1 0 0 0 1 0 0 0 1 3815c02.dat


0 FILE 7161 - Minifig - Obi-Wan Kenobi.ldr
0 Minifig - Obi-Wan Kenobi
0 Name: 7161 - Minifig - Obi-Wan Kenobi.ldr
0 Author: Stan Isachenko [angmarec]
0 !LDRAW_ORG Model
0 !LICENSE Redistributable under CCAL version 2.0 : see CAreadme.txt
0 !THEME Star Wars, Episode I
1 6 0 32 0 1 0 0 0 1 0 0 0 1 3815c02.dat
1 19 15.552 9 0 0.985 0.17 0 -0.17 0.985 0 0 0 1 3819.dat
1 19 -15.552 9 0 0.985 -0.17 0 0.17 0.985 0 0 0 1 3818.dat
1 19 0 0 0 1 0 0 0 1 0 0 0 1 973pr3.dat
1 14 -23.8634 26.5956 -10.321 0.985 -0.12019 0.12019 0.17 0.696395 -0.696395 0 0.707 0.707 3820.dat
1 14 23.8634 26.5956 -10.321 0.985 0.12019 -0.12019 -0.17 0.696395 -0.696395 0 0.707 0.707 3820.dat
1 6 0 -2 0 1 0 0 0 1 0 0 0 1 522.dat
1 14 0 -26 0 1 0 0 0 1 0 0 0 1 3626bps2.dat
1 6 0 -26 0 1 0 0 0 1 0 0 0 1 30381.dat



0 FILE 7161 - Minifig - Qui-Gon Jinn.ldr
0 Minifig - Qui-Gon Jinn
0 Name: 7161 - Minifig - Qui-Gon Jinn.ldr
0 Author: Stan Isachenko [angmarec]
0 !LDRAW_ORG Model
0 !LICENSE Redistributable under CCAL version 2.0 : see CAreadme.txt
0 !THEME Star Wars, Episode I
1 6 0 32 0 1 0 0 0 1 0 0 0 1 3815c02.dat
1 19 15.552 9 0 0.985 0.17 0 -0.17 0.985 0 0 0 1 3819.dat
1 19 -15.552 9 0 0.985 -0.17 0 0.17 0.985 0 0 0 1 3818.dat
1 19 0 0 0 1 0 0 0 1 0 0 0 1 973pr3.dat
1 14 -23.8634 26.5956 -10.321 0.985 -0.12019 0.12019 0.17 0.696395 -0.696395 0 0.707 0.707 3820.dat
1 14 23.8634 26.5956 -10.321 0.985 0.12019 -0.12019 -0.17 0.696395 -0.696395 0 0.707 0.707 3820.dat
1 6 0 -2 0 1 0 0 0 1 0 0 0 1 522.dat
1 14 0 -26 0 1 0 0 0 1 0 0 0 1 3626bps9.dat
1 6 0 -26 0 1 0 0 0 1 0 0 0 1 92756.dat



0 FILE 7161 - Hose Flexible 30L.ldr
0 Hose Flexible 30L
0 Name: 7161 - Hose Flexible 30L.ldr
0 Author: Stan Isachenko [angmarec]
0 !LDRAW_ORG Model
0 !LICENSE Redistributable under CCAL version 2.0 : see CAreadme.txt
0 !THEME Star Wars, Episode I
1 1 0 -96 272 1 0 0 0 0 1 0 78.008 0 7161 - LS20.dat
1 1 0 -96 350 1 0.173 0 0 0.175 1 -0.012 14.216 -0.012 7161 - LS21.dat
1 1 0.16 -95.838 363.161 0.999 0.595 -0.023 0.021 0.632 0.999 -0.043 14.149 -0.044 7161 - LS21.dat
1 1 0.707 -95.257 376.164 0.996 0.978 -0.047 0.041 1.118 0.996 -0.075 13.57 -0.079 7161 - LS21.dat
1 1 1.649 -94.181 389.229 0.995 2.376 -0.071 0.063 3.214 0.993 -0.083 31.095 -0.097 7161 - LS21.dat
1 1 4 -91 420 0.996 0.22 -0.072 0.065 0.477 0.99 -0.065 3.852 -0.119 7161 - LS21.dat
1 1 4.15 -90.674 422.634 0.996 0.378 -0.074 0.065 1.332 0.983 -0.061 7.575 -0.169 7161 - LS21.dat
1 1 4.466 -89.561 428.962 0.996 1.052 -0.075 0.063 5.707 0.972 -0.057 24.784 -0.221 7161 - LS21.dat
1 1 5.487 -84.028 452.991 0.997 2.094 -0.069 0.057 14.473 0.965 -0.053 54.755 -0.252 7161 - LS21.dat
1 1 7.573 -69.607 507.545 0.998 2.073 -0.053 0.042 14.942 0.964 -0.049 54.603 -0.262 7161 - LS21.dat
1 1 9.639 -54.717 561.96 0.999 2.271 -0.037 0.026 14.667 0.966 -0.048 55.243 -0.255 7161 - LS21.dat
1 1 11.881 -40.238 616.491 0.999 1.438 -0.02 0.008 6.765 0.974 -0.052 28.893 -0.227 7161 - LS21.dat
1 1 13.257 -33.761 644.155 0.998 0.548 -0.009 -0.002 1.558 0.984 -0.063 8.607 -0.178 7161 - LS21.dat
1 1 13.72 -32.446 651.418 0.997 0.341 -0.003 -0.007 0.543 0.992 -0.077 4.356 -0.123 7161 - LS21.dat
1 1 14 -32 655 0.996 1.229 -0.001 -0.008 1.3 0.995 -0.091 13.344 -0.097 7161 - LS21.dat
1 1 15.191 -30.739 667.937 0.996 1.282 -0.003 -0.008 1.537 0.994 -0.094 13.423 -0.114 7161 - LS21.dat
1 1 16.424 -29.262 680.836 0.997 1.08 -0.003 -0.005 1.473 0.995 -0.075 14.221 -0.103 7161 - LS21.dat
1 1 17.405 -27.922 693.77 0.999 0.463 -0.001 -0.002 0.701 0.998 -0.041 11.358 -0.062 7161 - LS21.dat
1 1 17.817 -27.298 703.881 1 0.204 0 0 0.332 1 -0.011 17.957 -0.018 7161 - LS21.dat
1 1 18 -27 844 1 0 0 0 0 1 0 -124 0 7161 - LS20.dat


0 FILE 7161 - 30084.dat
0 Animal Manta Ray
0 Name: 7161 - 30084.dat
0 Author: Stan Isachenko [angmarec]
0 !LDRAW_ORG Unofficial_Part
0 !LICENSE Redistributable under CCAL version 2.0 : see CAreadme.txt

0 BFC CERTIFY CCW

0 !KEYWORDS Star Wars, Divers, Aquazone

0 !HISTORY 2013-02-14 {LEGO Digital Designer} Original part shape
0 !HISTORY 2013-02-14 [angmarec] File preparation for LDraw Parts Tracker

1 16 0 0 0 0 0 -4 0 6 0 4 0 0 4-4cyli.dat
1 16 0 6 0 0 0 -4 0 -6 0 4 0 0 4-4disc.dat
1 16 0 6 0 0 0 -4 0 6 0 4 0 0 4-4edge.dat
1 16 0 0 0 0 0 -4 0 6 0 4 0 0 4-4edge.dat
3 16 -5.055 4.11 -28.375 -4.167 5.471 -25.045 -4.327 4.086 -28.416
3 16 -5.525 4.721 -27.044 -4.167 5.471 -25.045 -5.055 4.11 -28.375
3 16 -7.809 5.44 -25.246 -4.167 5.471 -25.045 -5.525 4.721 -27.044
3 16 -7.809 5.44 -25.246 -10.941 5.895 -19.859 -4.167 5.471 -25.045
3 16 -9.49 4.671 -27.198 -10.941 5.895 -19.859 -7.809 5.44 -25.246
3 16 -9.49 4.671 -27.198 -12.966 4.66 -27.065 -10.941 5.895 -19.859
4 16 -9.467 4.35 -27.995 -11.294 3.45 -30.159 -12.966 4.66 -27.065 -9.49 4.671 -27.198
4 16 -11.294 3.45 -30.159 -10.748 1.93 -32.914 -13.886 0.911 -32.275 -12.966 4.66 -27.065
3 16 -6.021 -0.566 -37.586 -6.343 0.535 -35.851 -3.45 0.174 -36.619
3 16 -2.444 -0.427 -37.935 0 -1.916 -40.73 -6.021 -0.566 -37.586
3 16 -2.444 -0.427 -37.935 -6.021 -0.566 -37.586 -3.45 0.174 -36.619
3 16 -6.021 -0.566 -37.586 -9.855 0.276 -35.042 -8.525 1.6 -33.885
3 16 -8.525 1.6 -33.885 -6.343 0.535 -35.851 -6.021 -0.566 -37.586
3 16 -2.444 -0.427 -37.935 0 0.582 -35.673 0 -1.916 -40.73
3 16 -3.45 0.174 -36.619 -6.343 0.535 -35.851 -4.912 0.997 -34.948
3 16 -3.45 0.174 -36.619 -4.912 0.997 -34.948 -3.947 0.9 -35.018
3 16 -9.49 4.671 -27.198 -7.809 5.44 -25.246 -7.911 3.987 -26.856
3 16 -6.274 0.54 -34.773 -4.912 0.997 -34.948 -6.343 0.535 -35.851
3 16 -9.615 1.743 -32.991 -9.842 1.646 -33.591 -10.748 1.93 -32.914
3 16 -9.615 1.743 -32.991 -10.748 1.93 -32.914 -11.294 3.45 -30.159
3 16 -8.525 1.6 -33.885 -9.842 1.646 -33.591 -9.615 1.743 -32.991
3 16 -8.525 1.6 -33.885 -9.615 1.743 -32.991 -9.071 2.078 -32.743
3 16 -9.071 2.078 -32.743 -8.171 1.79 -33.355 -8.525 1.6 -33.885
3 16 -8.525 1.6 -33.885 -8.171 1.79 -33.355 -8.053 1.138 -34.143
3 16 -6.343 0.535 -35.851 -8.525 1.6 -33.885 -8.053 1.138 -34.143
3 16 -6.343 0.535 -35.851 -8.053 1.138 -34.143 -6.274 0.54 -34.773
3 16 0 0.582 -35.673 -2.444 -0.427 -37.935 -2.354 0.034 -35.071
3 16 -2.354 0.034 -35.071 -2.444 -0.427 -37.935 -3.45 0.174 -36.619
3 16 -2.354 0.034 -35.071 -3.45 0.174 -36.619 -3.947 0.9 -35.018
3 16 0 4.132 -28.521 -1.08 3.366 -28.545 0 6.114 -25.278
3 16 -7.809 5.44 -25.246 -5.525 4.721 -27.044 -7.911 3.987 -26.856
3 16 -9.49 4.671 -27.198 -7.911 3.987 -26.856 -8.022 2.945 -28.194
3 16 -9.49 4.671 -27.198 -8.022 2.945 -28.194 -9.467 4.35 -27.995
3 16 -5.055 4.11 -28.375 -8.022 2.945 -28.194 -7.911 3.987 -26.856
3 16 -5.525 4.721 -27.044 -5.055 4.11 -28.375 -7.911 3.987 -26.856
3 16 0 6.114 -25.278 -1.08 3.366 -28.545 -4.327 4.086 -28.416
3 16 -4.327 4.086 -28.416 -4.167 5.471 -25.045 0 6.114 -25.278
3 16 -9.842 1.646 -33.591 -8.525 1.6 -33.885 -9.855 0.276 -35.042
3 16 -9.855 0.276 -35.042 -13.886 0.911 -32.275 -10.748 1.93 -32.914
3 16 -10.748 1.93 -32.914 -9.842 1.646 -33.591 -9.855 0.276 -35.042
3 16 -2.354 0.034 -35.071 -0.894 0.259 -35.121 0 0.582 -35.673
3 16 4.327 4.086 -28.416 4.167 5.471 -25.045 5.055 4.11 -28.375
3 16 5.055 4.11 -28.375 4.167 5.471 -25.045 5.525 4.721 -27.044
3 16 5.525 4.721 -27.044 4.167 5.471 -25.045 7.809 5.44 -25.246
3 16 4.167 5.471 -25.045 10.942 5.894 -19.859 7.809 5.44 -25.246
3 16 7.809 5.44 -25.246 10.942 5.894 -19.859 9.491 4.671 -27.198
3 16 10.942 5.894 -19.859 12.966 4.66 -27.065 9.491 4.671 -27.198
4 16 11.295 3.45 -30.159 12.966 4.66 -27.065 13.886 0.911 -32.274 10.748 1.93 -32.913
3 16 6.021 -0.566 -37.586 3.45 0.174 -36.619 6.343 0.535 -35.851
3 16 2.444 -0.428 -37.935 6.021 -0.566 -37.586 0 -1.916 -40.73
3 16 3.45 0.174 -36.619 6.021 -0.566 -37.586 2.444 -0.428 -37.935
3 16 6.021 -0.566 -37.586 8.525 1.6 -33.885 9.856 0.276 -35.042
3 16 8.525 1.6 -33.885 6.021 -0.566 -37.586 6.343 0.535 -35.851
3 16 2.444 -0.428 -37.935 0 -1.916 -40.73 0 0.582 -35.673
3 16 3.45 0.174 -36.619 4.912 0.997 -34.948 6.343 0.535 -35.851
3 16 3.45 0.174 -36.619 3.947 0.9 -35.018 4.912 0.997 -34.948
3 16 9.491 4.671 -27.198 7.911 3.987 -26.856 7.809 5.44 -25.246
3 16 6.275 0.54 -34.773 6.343 0.535 -35.851 4.912 0.997 -34.948
3 16 9.615 1.743 -32.991 10.748 1.93 -32.913 9.842 1.646 -33.591
3 16 9.615 1.743 -32.991 11.295 3.45 -30.159 10.748 1.93 -32.913
3 16 8.525 1.6 -33.885 9.615 1.743 -32.991 9.842 1.646 -33.591
3 16 8.525 1.6 -33.885 9.071 2.077 -32.743 9.615 1.743 -32.991
3 16 9.071 2.077 -32.743 8.525 1.6 -33.885 8.171 1.79 -33.355
3 16 8.525 1.6 -33.885 8.054 1.138 -34.143 8.171 1.79 -33.355
3 16 6.343 0.535 -35.851 8.054 1.138 -34.143 8.525 1.6 -33.885
3 16 6.343 0.535 -35.851 6.275 0.54 -34.773 8.054 1.138 -34.143
3 16 0 0.582 -35.673 2.354 0.034 -35.072 2.444 -0.428 -37.935
3 16 2.354 0.034 -35.072 0 0.582 -35.673 0.895 0.259 -35.121
3 16 2.354 0.034 -35.072 3.45 0.174 -36.619 2.444 -0.428 -37.935
3 16 2.354 0.034 -35.072 3.947 0.9 -35.018 3.45 0.174 -36.619
3 16 0 4.132 -28.521 0 6.114 -25.278 1.081 3.367 -28.545
3 16 9.214 -8.408 -32.852 9.615 1.743 -32.991 9.071 2.077 -32.743
3 16 7.809 5.44 -25.246 7.911 3.987 -26.856 5.525 4.721 -27.044
3 16 9.491 4.671 -27.198 8.023 2.945 -28.194 7.911 3.987 -26.856
3 16 9.491 4.671 -27.198 9.468 4.35 -27.995 8.023 2.945 -28.194
3 16 5.055 4.11 -28.375 7.911 3.987 -26.856 8.023 2.945 -28.194
3 16 5.525 4.721 -27.044 7.911 3.987 -26.856 5.055 4.11 -28.375
3 16 0 6.114 -25.278 4.327 4.086 -28.416 1.081 3.367 -28.545
3 16 4.327 4.086 -28.416 0 6.114 -25.278 4.167 5.471 -25.045
3 16 9.842 1.646 -33.591 9.856 0.276 -35.042 8.525 1.6 -33.885
3 16 9.856 0.276 -35.042 10.748 1.93 -32.913 13.886 0.911 -32.274
3 16 10.748 1.93 -32.913 9.856 0.276 -35.042 9.842 1.646 -33.591
4 16 12.966 4.66 -27.065 11.295 3.45 -30.159 9.468 4.35 -27.995 9.491 4.671 -27.198
3 16 -2.096 -11.549 74.977 -1.832 -6.984 69.122 0.947 -7.185 69.128
3 16 1.092 -11.549 75.256 -2.096 -11.549 74.977 0.947 -7.185 69.128
3 16 2.607 -0.661 74.423 2.673 -0.454 69.189 -2.868 -0.604 69.288
3 16 -3.748 -0.791 76.932 2.607 -0.661 74.423 -2.868 -0.604 69.288
3 16 3.877 -2.703 69.098 2.673 -0.454 69.189 2.607 -0.661 74.423
3 16 3.817 -3.384 74.441 3.877 -2.703 69.098 2.607 -0.661 74.423
3 16 3.335 -5.758 69.162 3.877 -2.703 69.098 3.817 -3.384 74.441
3 16 2.731 -6.19 74.336 3.335 -5.758 69.162 3.817 -3.384 74.441
3 16 2.414 -3.387 86.724 2.749 -3.388 99.1 1.794 -6.006 99.1
3 16 1.085 -5.974 86.342 2.414 -3.387 86.724 1.794 -6.006 99.1
3 16 1.085 -5.974 86.342 1.794 -6.006 99.1 0.278 -7.111 99.069
3 16 1.085 -5.974 86.342 0.278 -7.111 99.069 0.198 -7.059 93.759
3 16 1.085 -5.974 86.342 0.198 -7.059 93.759 -0.19 -7.089 90.377
3 16 1.085 -5.974 86.342 -0.19 -7.089 90.377 0.04 -6.895 86.604
3 16 -4.384 -0.935 99.099 1.705 -0.579 99.109 1.108 -0.683 86.604
3 16 -4.869 -0.474 86.602 -4.384 -0.935 99.099 1.108 -0.683 86.604
3 16 1.705 -0.579 99.109 2.749 -3.388 99.1 2.414 -3.387 86.724
3 16 1.108 -0.683 86.604 1.705 -0.579 99.109 2.414 -3.387 86.724
3 16 1.794 -6.006 99.1 2.749 -3.388 99.1 2.288 -3.389 106
3 16 1.405 -6.021 105.924 1.794 -6.006 99.1 2.288 -3.389 106
3 16 0.234 -7.068 102.799 1.405 -6.021 105.924 -4.235 -6.49 105.443
3 16 -3.112 -7.078 102.795 0.234 -7.068 102.799 -4.235 -6.49 105.443
3 16 -4.272 -6.285 99.071 -3.147 -6.986 99.018 -3.112 -7.078 102.795
3 16 -4.235 -6.49 105.443 -4.272 -6.285 99.071 -3.112 -7.078 102.795
3 16 -5.842 -3.393 105.305 -5.914 -3.393 99.098 -4.272 -6.285 99.071
3 16 -4.235 -6.49 105.443 -5.842 -3.393 105.305 -4.272 -6.285 99.071
3 16 -5.842 -3.393 105.305 -4.749 -0.908 105.412 -4.384 -0.935 99.099
3 16 -5.914 -3.393 99.098 -5.842 -3.393 105.305 -4.384 -0.935 99.099
3 16 1.143 -0.443 105.901 1.705 -0.579 99.109 -4.384 -0.935 99.099
3 16 -4.749 -0.908 105.412 1.143 -0.443 105.901 -4.384 -0.935 99.099
3 16 1.705 -0.579 99.109 1.143 -0.443 105.901 2.288 -3.389 106
3 16 2.749 -3.388 99.1 1.705 -0.579 99.109 2.288 -3.389 106
3 16 -6.783 -2.009 119.031 -5.766 -0.893 113.226 -6.532 -3.392 113.175
3 16 -7.593 -3.357 119.191 -6.783 -2.009 119.031 -6.532 -3.392 113.175
3 16 -7.427 -4.713 119.657 -7.593 -3.357 119.191 -6.532 -3.392 113.175
3 16 -6.003 -6.243 116.211 -7.427 -4.713 119.657 -6.532 -3.392 113.175
3 16 -6.003 -6.243 116.211 -6.532 -3.392 113.175 -5.39 -6.287 113.279
3 16 -4.792 0.036 114.554 -1.077 0.036 115.076 -0.569 -0.179 113.957
3 16 -5.766 -0.893 113.226 -4.792 0.036 114.554 -0.569 -0.179 113.957
4 16 -4.792 -6.968 114.554 -1.077 -6.968 115.076 -0.164 -5.808 118.126 -6.003 -6.243 116.211
3 16 0.02 -4.736 120.854 -7.427 -4.713 119.657 -0.164 -5.808 118.126
3 16 -0.164 -5.808 118.126 -7.427 -4.713 119.657 -6.003 -6.243 116.211
3 16 0.018 -4.517 130.829 2.352 -4.418 127.003 0.361 -3.363 131.098
3 16 0.361 -3.363 131.098 2.352 -4.418 127.003 2.832 -3.415 127.128
3 16 2.352 -4.418 127.003 0.018 -4.517 130.829 -0.811 -4.804 125.037
3 16 0.018 -4.517 130.829 -9.921 -4.678 129.742 -0.811 -4.804 125.037
3 16 -0.811 -4.804 125.037 -9.921 -4.678 129.742 -7.649 -4.847 124.274
3 16 -9.921 -4.678 129.742 -10.939 -4.465 125.205 -7.649 -4.847 124.274
3 16 -9.921 -4.678 129.742 -10.756 -3.358 129.535 -10.939 -4.465 125.205
3 16 -10.939 -4.465 125.205 -10.756 -3.358 129.535 -11.889 -3.379 125.507
3 16 -9.787 -2.27 129.669 -10.97 -2.534 125.44 -10.756 -3.358 129.535
3 16 -10.756 -3.358 129.535 -10.97 -2.534 125.44 -11.889 -3.379 125.507
3 16 0.224 -3.365 120.377 2.762 -3.358 124 0.02 -4.736 120.854
3 16 0.02 -4.736 120.854 2.762 -3.358 124 2.311 -4.439 124.151
3 16 2.311 -4.439 124.151 -0.811 -4.804 125.037 0.02 -4.736 120.854
3 16 -10.552 -4.47 122.732 -7.427 -4.713 119.657 -7.649 -4.847 124.274
4 16 -7.649 -4.847 124.274 -7.427 -4.713 119.657 0.02 -4.736 120.854 -0.811 -4.804 125.037
3 16 -7.427 -4.713 119.657 -11.107 -3.415 122.328 -7.593 -3.357 119.191
3 16 -7.427 -4.713 119.657 -10.552 -4.47 122.732 -11.107 -3.415 122.328
3 16 -7.593 -3.357 119.191 -10.536 -2.419 122.709 -6.783 -2.009 119.031
3 16 -7.593 -3.357 119.191 -11.107 -3.415 122.328 -10.536 -2.419 122.709
3 16 0.02 -2.196 120.854 -0.827 -2.087 125.035 2.259 -2.496 124.044
3 16 -7.741 -2.084 124.356 -6.783 -2.009 119.031 -10.536 -2.419 122.709
3 16 -7.741 -2.084 124.356 0.02 -2.196 120.854 -6.783 -2.009 119.031
3 16 0.02 -2.196 120.854 -7.741 -2.084 124.356 -0.827 -2.087 125.035
3 16 -10.936 -4.364 123.78 -7.649 -4.847 124.274 -10.939 -4.465 125.205
3 16 -10.552 -4.47 122.732 -7.649 -4.847 124.274 -10.936 -4.364 123.78
3 16 -11.107 -3.415 122.328 -10.936 -4.364 123.78 -11.896 -3.357 123.819
3 16 -11.107 -3.415 122.328 -10.552 -4.47 122.732 -10.936 -4.364 123.78
3 16 -11.107 -3.415 122.328 -11.088 -2.515 123.948 -10.536 -2.419 122.709
3 16 -11.107 -3.415 122.328 -11.896 -3.357 123.819 -11.088 -2.515 123.948
4 16 -11.088 -2.515 123.948 -10.97 -2.534 125.44 -7.741 -2.084 124.356 -10.536 -2.419 122.709
4 16 2.762 -3.358 124 3.292 -3.361 125.428 2.74 -4.41 125.306 2.311 -4.439 124.151
3 16 2.39 -2.603 126.897 -0.827 -2.087 125.035 0.017 -2.415 130.829
3 16 0.017 -2.415 130.829 -0.827 -2.087 125.035 -9.787 -2.27 129.669
3 16 -0.827 -2.087 125.035 -7.741 -2.084 124.356 -9.787 -2.27 129.669
3 16 -7.741 -2.084 124.356 -10.97 -2.534 125.44 -9.787 -2.27 129.669
3 16 0.02 -2.196 120.854 2.259 -2.496 124.044 0.224 -3.365 120.377
3 16 0.224 -3.365 120.377 2.259 -2.496 124.044 2.762 -3.358 124
4 16 2.762 -3.358 124 2.259 -2.496 124.044 2.74 -2.522 125.306 3.292 -3.361 125.428
3 16 0.361 -3.363 131.098 2.39 -2.603 126.897 0.017 -2.415 130.829
3 16 0.361 -3.363 131.098 2.832 -3.415 127.128 2.39 -2.603 126.897
3 16 -0.569 -0.179 113.957 -0.063 -1.449 118.959 0.02 -2.196 120.854
3 16 -0.569 -0.179 113.957 -1.077 0.036 115.076 -0.063 -1.449 118.959
3 16 -5.766 -0.893 113.226 -6.645 -1.249 117.531 -4.792 0.036 114.554
3 16 -5.766 -0.893 113.226 -6.783 -2.009 119.031 -6.645 -1.249 117.531
3 16 0.02 -2.196 120.854 1.124 -3.391 114.183 -0.569 -0.179 113.957
3 16 0.02 -2.196 120.854 0.224 -3.365 120.377 1.124 -3.391 114.183
3 16 0.02 -4.736 120.854 1.124 -3.391 114.183 0.224 -3.365 120.377
3 16 -0.164 -5.808 118.126 1.124 -3.391 114.183 0.02 -4.736 120.854
3 16 -0.164 -5.808 118.126 0.215 -6.045 114.067 1.124 -3.391 114.183
