0 FILE 30210 - Frodo with cooking corner.ldr
0 Frodo with cooking corner
0 Name: 30210 - Frodo with cooking corner.ldr
0 Author: Stan Isachenko [angmarec]
0 !LDRAW_ORG Model
0 !LICENSE Redistributable under CCAL version 2.0 : see CAreadme.txt
0 !THEME Lord of the Rings
1 15 -79 0 -16 1 0 0 0 1 0 0 0 1 3741c01.dat
1 15 32 -56 -24 1 0 0 0 1 0 0 0 1 30210 - Minifig - Frodo.ldr
1 15 5 -8 42 1 0 0 0 1 0 0 0 1 30210 - Cooking corner.ldr
1 15 92.803 -24 12.415 0.866025 0 -0.5 0 1 0 0.5 0 0.866025 30210 - Barrel.ldr

0 FILE 30210 - Cooking corner.ldr
0 Cooking corner
0 Name: 30210 - Cooking corner.ldr
0 Author: Stan Isachenko [angmarec]
0 !LDRAW_ORG Model
0 !LICENSE Redistributable under CCAL version 2.0 : see CAreadme.txt
0 !THEME Lord of the Rings
1 2 -20 0 0 0 0 -1 0 1 0 1 0 0 3021.dat
1 0 0 -24 20 1 0 0 0 1 0 0 0 1 11211.dat
1 2 20 0 0 0 0 -1 0 1 0 1 0 0 3021.dat
1 72 30 -24 10 0 0 -1 0 1 0 1 0 0 3004.dat
1 72 -30 -24 10 0 0 -1 0 1 0 1 0 0 3004.dat
1 0 0 -32 10 1 0 0 0 1 0 0 0 1 3020.dat
1 38 10 -14 10 0 0 -1 -1 0 0 0 1 0 64647.dat
1 72 0 -56 20 1 0 0 0 1 0 0 0 1 4865b.dat
1 72 0 -40 0 1 0 0 0 1 0 0 0 1 3069b.dat
1 72 -30 -56 20 1 0 0 0 1 0 0 0 1 3062b.dat
1 72 30 -56 20 1 0 0 0 1 0 0 0 1 3062b.dat
1 72 -10 -80 20 0 0 1 0 1 0 -1 0 0 3040b.dat
1 72 10 -80 20 0 0 -1 0 1 0 1 0 0 3040b.dat
1 0 0 -88 20 -1 0 0 0 1 0 0 0 -1 3794b.dat
1 70 0 -96 20 -1 0 0 0 1 0 0 0 -1 4073.dat
1 40 30 -80 0 0 0 -1 0 1 0 1 0 0 95228.dat
1 0 0 -52 9 -0.924 0 -0.383 0 1 0 0.383 0 -0.924 4528.dat

0 FILE 30210 - Barrel.ldr
0 Barrel
0 Name: 30210 - Barrel.ldr
0 Author: Stan Isachenko [angmarec]
0 !LDRAW_ORG Model
0 !LICENSE Redistributable under CCAL version 2.0 : see CAreadme.txt
0 !THEME Lord of the Rings
1 70 10 0 20 0 0 -1 0 1 0 1 0 0 3062b.dat
1 0 0 -8 0 0 0 -1 0 1 0 1 0 0 3021.dat
1 70 -10 0 20 0 0 -1 0 1 0 1 0 0 3062b.dat
1 70 -10 0 -20 0 0 -1 0 1 0 1 0 0 3062b.dat
1 70 10 0 -20 0 0 -1 0 1 0 1 0 0 3062b.dat
1 70 1 -31 -16 0 0 -1 -1 0 0 0 1 0 2489.dat
1 70 1 -31 -24 0 0 -1 -1 0 0 0 1 0 4032a.dat
1 0 1 -31 -48 -1 0 0 0 0 1 0 1 0 4599a.dat

0 FILE 30210 - Minifig - Frodo.ldr
0 Minifig - Frodo
0 Name: 30210 - Minifig - Frodo.ldr
0 Author: Stan Isachenko [angmarec]
0 !LDRAW_ORG Model
0 !LICENSE Redistributable under CCAL version 2.0 : see CAreadme.txt
0 !THEME Lord of the Rings
1 308 0 -24 0 1 0 0 0 1 0 0 0 1 10048.dat
1 78 0 -24 0 1 0 0 0 1 0 0 0 1 3626cpm2.dat
1 378 0 0 0 1 0 0 0 1 0 0 0 1 973pm2.dat
1 308 0 32 0 1 0 0 0 1 0 0 0 1 41879a.dat
1 378 -15.552 9 0 0.985 -0.139256 -0.097508 0.17 0.806865 0.564973 0 -0.573576 0.819152 3818.dat
1 378 15.552 9 0 0.985 0.130228 0.109274 -0.17 0.754554 0.633146 0 -0.642788 0.766044 3819.dat
1 78 -22.2802 17.4225 -19.2153 0.985 -0.167392 0.0295157 0.17 0.969889 -0.171018 0 0.173622 0.984659 3820.dat
1 78 21.9894 15.7375 -19.9657 0.985 0.169328 -0.0148142 -0.17 0.981104 -0.0858354 0 0.0871426 0.996044 3820.dat
1 4 -22.5458 18.9617 -28.0773 -0.155227 -0.47894 -0.863494 0.899406 0.291222 -0.323373 0.406701 -0.827552 0.385894 33078.dat
1 297 17.945 -7.693 -37.395 0.985 0.161 -0.055 -0.17 0.931 -0.321 0 0.326 0.945 2343.dat

