0 FILE 7667 - Imperial Dropship.ldr
0 Imperial Dropship
0 Name: 7667 - Imperial Dropship.ldr
0 Author: Sean Burke [Leftmost]
0 !LDRAW_ORG Model
0 !LICENSE Redistributable under CCAL version 2.0 : see CAreadme.txt

0 !THEME Star Wars, Expanded Universe

0 !HISTORY 2013-05-25 [Leftmost] Initial revision

1 0 0 0 0 1 0 0 0 1 0 0 0 1 7667 - Dropship.ldr
1 0 0 0 0 1 0 0 0 1 0 0 0 1 7667 - Troop Platform.ldr
1 0 -70 -61 234 1 0 0 0 1 0 0 0 1 7667 - Stormtrooper With Blaster.ldr
1 0 -70 -61 294 1 0 0 0 1 0 0 0 1 7667 - Stormtrooper With Blaster.ldr
1 0 10 -61 294 1 0 0 0 1 0 0 0 1 7667 - Stormtrooper.ldr
1 0 -30 -53 94 1 0 0 0 1 0 0 0 1 7667 - Shadow Trooper.ldr

0 FILE 7667 - Dropship.ldr
0 Dropship
0 Name: 7667 - Dropship.ldr
0 Author: Sean Burke [Leftmost]
0 !LDRAW_ORG Model
0 !LICENSE Redistributable under CCAL version 2.0 : see CAreadme.txt

0 !THEME Star Wars, Expanded Universe

0 !HISTORY 2013-05-25 [Leftmost] Initial revision

1 0 -30 0 125.674 0 0 1 0 1 0 -1 0 0 3034.dat
0 STEP
1 72 10 0 145.674 -1 0 0 0 1 0 0 0 -1 3022.dat
1 72 -70 0 145.674 -1 0 0 0 1 0 0 0 -1 3022.dat
1 72 -30 -24 175.674 -1 0 0 0 1 0 0 0 -1 3039.dat
0 STEP
1 0 -30 -8 155.674 -1 0 0 0 1 0 0 0 -1 3666.dat
1 0 -30 -8 135.674 -1 0 0 0 1 0 0 0 -1 3710.dat
0 STEP
1 0 -80 -8 135.674 0 0 1 0 1 0 -1 0 0 4081b.dat
1 0 20 -8 135.674 0 0 -1 0 1 0 1 0 0 4081b.dat
1 0 -30 -8 55.674 1 0 0 0 1 0 0 0 1 60470.dat
0 STEP
1 1 -40 -32 145.674 0 0 1 0 1 0 -1 0 0 3298.dat
1 1 -20 -32 145.674 0 0 -1 0 1 0 1 0 0 3298.dat
1 1 -30 -32 175.674 1 0 0 0 1 0 0 0 1 3023.dat
1 72 -30 -24 115.674 1 0 0 0 1 0 0 0 1 30136.dat
0 STEP
1 0 -30 -56 175.674 1 0 0 0 1 0 0 0 1 2877.dat
0 // Omitted two Imperial symbol stickers as per step 6 on page 6
0 STEP
1 0 -20 -80 145.674 0 0 -1 0 1 0 1 0 0 4864b.dat
1 0 -40 -80 145.674 0 0 1 0 1 0 -1 0 0 4864b.dat
1 0 -30 -80 175.674 -1 0 0 0 1 0 0 0 -1 3747a.dat
1 36 40 -6 107.674 -1 0 0 0 0 1 0 1 0 4589.dat
1 36 -100 -6 107.674 -1 0 0 0 0 1 0 1 0 4589.dat
0 STEP
1 72 -30 -104 155.674 1 0 0 0 1 0 0 0 1 3039.dat
1 71 -40 -104 185.674 0 0 1 0 1 0 -1 0 0 3660.dat
1 71 -20 -104 185.674 0 0 -1 0 1 0 1 0 0 3660.dat
0 STEP
1 1 -30 -112 175.674 0 0 1 0 1 0 -1 0 0 3021.dat
0 STEP
1 72 -30 -104 215.674 1 0 0 0 1 0 0 0 1 32064a.dat
0 ROTSTEP 23 135 0 ABS
1 71 -30 -96 235.674 0 0 1 0 1 0 -1 0 0 4519.dat
1 71 -30 -96 235.674 -1 0 0 0 1 0 0 0 -1 3713.dat
0 STEP
1 72 -30 -112 245.674 0 0 1 0 1 0 -1 0 0 3020.dat
0 ROTSTEP END
1 1 -30 -136 255.674 -1 0 0 0 1 0 0 0 -1 3039.dat
1 1 -20 -136 235.674 0 0 1 0 1 0 -1 0 0 6541.dat
1 1 -40 -136 235.674 0 0 1 0 1 0 -1 0 0 6541.dat
0 STEP
1 1 -30 -136 215.674 1 0 0 0 1 0 0 0 1 30363.dat
0 // Omitted Imperial symbol sticker as per step 11-4 on page 10
0 STEP
1 1 -30 -144 225.674 1 0 0 0 1 0 0 0 1 3068b.dat
1 72 -30 -144 255.674 1 0 0 0 1 0 0 0 1 2412b.dat
0 STEP
1 71 -30 -90.892 119.899 -1 0 0 0 0.669131 0.743144 0 0.743144 -0.669131 2540.dat
1 0 -30 -96.244 113.955 -1 0 0 0 0.669131 0.743144 0 0.743144 -0.669131 3710.dat
0 STEP
1 40 -30 -59.087 80.497 1 0 0 0 0.669131 -0.743144 0 0.743144 0.669131 41883.dat
0 STEP
1 0 -30 -21.93 47.039 1 0 0 0 0.669131 -0.743144 0 0.743144 0.669131 48336.dat
0 STEP
1 71 -30 -126 295 1 0 0 0 1 0 0 0 1 44294.dat
1 71 -35 -126 295 0 -1 0 0 0 1 -1 0 0 6632.dat
1 71 -25 -126 295 0 -1 0 0 0 1 -1 0 0 6632.dat
0 STEP
1 0 -50 -126 295 0 -1 0 -1 0 0 0 0 -1 2825.dat
1 1 -54 -126 235 -1 0 0 0 1 0 0 0 -1 43093.dat
0 STEP
1 0 -10 -126 295 0 1 0 1 0 0 0 0 -1 2825.dat
1 1 -6 -126 235 1 0 0 0 -1 0 0 0 -1 43093.dat
0 STEP
1 72 -100 -126 295 0 1 0 0 0 1 1 0 0 6232.dat
1 71 -90 -126 325 0 1 0 1 0 0 0 0 -1 42610.dat
1 72 40 -126 295 0 -1 0 0 0 -1 1 0 0 6232.dat
1 71 30 -126 325 0 -1 0 -1 0 0 0 0 -1 42610.dat
0 STEP
1 0 -108 -126 285 0 1 0 -1 0 0 0 0 1 2419.dat
1 0 48 -126 285 0 -1 0 1 0 0 0 0 1 2419.dat
0 STEP
1 0 -0.177 -125 175.343 0.984808 0 -0.173648 0 1 0 0.173648 0 0.984808 57899.dat
1 0 -60.19 -125 175.93 0.984808 0 0.173648 0 1 0 -0.173648 0 0.984808 57899.dat

0 FILE 7667 - Troop Platform.ldr
0 Troop Platform
0 Name: 7667 - Troop Platform.ldr
0 Author: Sean Burke [Leftmost]
0 !LDRAW_ORG Model
0 !LICENSE Redistributable under CCAL version 2.0 : see CAreadme.txt

0 !THEME Star Wars, Expanded Universe

0 !HISTORY 2013-05-25 [Leftmost] Initial revision

1 0 -30 -8 246 1 0 0 0 1 0 0 0 1 3032.dat
1 0 -30 -8 296 1 0 0 0 1 0 0 0 1 3666.dat
0 STEP
1 1 -30 -16 276 0 0 1 0 1 0 -1 0 0 3021.dat
0 STEP
1 72 -70 0 286 1 0 0 0 1 0 0 0 1 2654.dat
1 72 10 0 286 1 0 0 0 1 0 0 0 1 2654.dat
1 72 -30 0 226 1 0 0 0 1 0 0 0 1 2654.dat
0 ROTSTEP -135 135 0 ABS
1 0 -30 -64 266 0 0 1 0 1 0 -1 0 0 3940.dat
0 ROTSTEP END
1 72 -30 -72 276 -1 0 0 0 1 0 0 0 -1 32530.dat
1 0 -30 -74 266 0 0 -1 0 1 0 1 0 0 3673.dat
0 STEP
1 72 -30 -72 256 -1 0 0 0 1 0 0 0 -1 32530.dat

0 FILE 7667 - Stormtrooper With Blaster.ldr
0 Stormtrooper With Blaster
0 Name: 7667 - Stormtrooper With Blaster.ldr
0 Author: Sean Burke [Leftmost]
0 !LDRAW_ORG Model
0 !LICENSE Redistributable under CCAL version 2.0 : see CAreadme.txt

0 !THEME Star Wars, Expanded Universe

0 !HISTORY 2013-05-25 [Leftmost] Initial revision

0 // The next piece should have the Stormtrooper pattern "No2" with dotted mouth (part 84468) as per step iii on page 3
1 15 0 -24 0 1 0 0 0 1 0 0 0 1 30408.dat
1 0 0 -24 0 1 0 0 0 1 0 0 0 1 3626a.dat
1 15 0 0 0 1 0 0 0 1 0 0 0 1 973psk.dat
1 0 0 32 0 1 0 0 0 1 0 0 0 1 3815.dat
1 15 -15.552 9 0 0.985 -0.17 0 0.17 0.985 0 0 0 1 3818.dat
1 15 15.552 9 0 0.985 0.17 0 -0.17 0.985 0 0 0 1 3819.dat
1 0 -23.8634 26.5956 -10.321 0.985 -0.12019 0.12019 0.17 0.696395 -0.696395 0 0.707 0.707 3820.dat
1 0 23.8634 26.5956 -10.321 0.985 0.12019 -0.12019 -0.17 0.696395 -0.696395 0 0.707 0.707 3820.dat
1 0 -24.6826 31.3422 -19.2547 0.985 -0.0874983 0.14567 0.17 0.506976 -0.844031 0 0.856884 0.514696 58247.dat
1 15 0 44 0 1 0 0 0 0 1 0 -1 0 3816.dat
1 15 0 44 0 1 0 0 0 0 1 0 -1 0 3817.dat

0 FILE 7667 - Stormtrooper.ldr
0 Stormtrooper
0 Name: 7667 - Stormtrooper.ldr
0 Author: Sean Burke [Leftmost]
0 !LDRAW_ORG Model
0 !LICENSE Redistributable under CCAL version 2.0 : see CAreadme.txt

0 !THEME Star Wars, Expanded Universe

0 !HISTORY 2013-05-25 [Leftmost] Initial revision

0 // The next piece should have the Stormtrooper pattern "No2" with dotted mouth (part 84468) as per step iii on page 3
1 15 0 -24 0 1 0 0 0 1 0 0 0 1 30408.dat
1 0 0 -24 0 1 0 0 0 1 0 0 0 1 3626a.dat
1 15 0 0 0 1 0 0 0 1 0 0 0 1 973psk.dat
1 0 0 32 0 1 0 0 0 1 0 0 0 1 3815.dat
1 15 -15.552 9 0 0.985 -0.17 0 0.17 0.985 0 0 0 1 3818.dat
1 15 15.552 9 0 0.985 0.17 0 -0.17 0.985 0 0 0 1 3819.dat
1 0 -23.8634 26.5956 -10.321 0.985 -0.12019 0.12019 0.17 0.696395 -0.696395 0 0.707 0.707 3820.dat
1 0 23.8634 26.5956 -10.321 0.985 0.12019 -0.12019 -0.17 0.696395 -0.696395 0 0.707 0.707 3820.dat
1 15 0 44 0 1 0 0 0 0 1 0 -1 0 3816.dat
1 15 0 44 0 1 0 0 0 0 1 0 -1 0 3817.dat

0 FILE 7667 - Shadow Trooper.ldr
0 Shadow Trooper
0 Name: 7667 - Shadow Trooper.ldr
0 Author: Sean Burke [Leftmost]
0 !LDRAW_ORG Model
0 !LICENSE Redistributable under CCAL version 2.0 : see CAreadme.txt

0 !THEME Star Wars, Expanded Universe

0 !HISTORY 2013-05-25 [Leftmost] Initial revision

0 // The next piece should have the Shadow Trooper pattern (part 60489) as per step iii on page 3
1 0 0 -24 0 1 0 0 0 1 0 0 0 1 30408.dat
1 0 0 -24 0 1 0 0 0 1 0 0 0 1 3626a.dat
1 0 0 0 0 1 0 0 0 1 0 0 0 1 973psk.dat
1 0 0 32 0 1 0 0 0 1 0 0 0 1 3815.dat
1 0 -15.552 9 0 0.985 -0.17 0 0.17 0.985 0 0 0 1 3818.dat
1 0 15.552 9 0 0.985 0.17 0 -0.17 0.985 0 0 0 1 3819.dat
1 0 -23.8634 26.5956 -10.321 0.985 -0.12019 0.12019 0.17 0.696395 -0.696395 0 0.707 0.707 3820.dat
1 0 23.8634 26.5956 -10.321 0.985 0.12019 -0.12019 -0.17 0.696395 -0.696395 0 0.707 0.707 3820.dat
1 0 0 44 0 1 0 0 0 0 1 0 -1 0 3816.dat
1 0 0 44 0 1 0 0 0 0 1 0 -1 0 3817.dat

