0 FILE 30090 - Desert Glider.ldr
0 Desert Glider
0 Name: 30090 - Desert Glider.ldr
0 Author: Christian Neumann [Wesley]
0 !LDRAW_ORG Unofficial_Model
0 !LICENSE Redistributable under CCAL version 2.0 : see CAreadme.txt

0 !THEME Pharaoh's Quest

1 0 0 0 0 0 0 1 0 1 0 -1 0 0 3795.dat
1 72 0 -8 40 1 0 0 0 1 0 0 0 1 48183.dat
0 STEP
1 320 0 -8 10 1 0 0 0 1 0 0 0 1 3023.dat
1 320 0 -8 -10 1 0 0 0 1 0 0 0 1 3710.dat
1 320 0 -8 -30 1 0 0 0 1 0 0 0 1 3710.dat
0 STEP
1 320 -10 -16 20 0 0 -1 0 1 0 1 0 0 3023.dat
1 320 10 -16 20 0 0 -1 0 1 0 1 0 0 3023.dat
1 71 0 -16 -10 1 0 0 0 1 0 0 0 1 3794b.dat
1 0 0 -16 -40 0 0 1 0 1 0 -1 0 0 4488.dat
0 STEP
1 72 -60 -16 -20 0 0 1 0 1 0 -1 0 0 41769.dat
1 72 60 -16 -20 0 0 -1 0 1 0 1 0 0 41770.dat
0 STEP
1 320 0 -24 -30 1 0 0 0 1 0 0 0 1 3710.dat
1 72 -10 -24 -50 1 0 0 0 1 0 0 0 1 6141.dat
1 72 10 -24 -50 1 0 0 0 1 0 0 0 1 6141.dat
1 72 -50 -20 -30 1 0 0 0 1 0 0 0 1 30162.dat
1 72 50 -20 -30 1 0 0 0 1 0 0 0 1 30162.dat
0 STEP
1 71 0 8 -40 1 0 0 0 1 0 0 0 1 2655.dat
1 0 0 22 -40 1 0 0 0 1 0 0 0 1 2496.dat
0 STEP
1 71 0 -40 -30 1 0 0 0 1 0 0 0 1 47457.dat
1 71 0 -24 -10 1 0 0 0 1 0 0 0 1 4592c01.dat
1 0 0 -16 50 1 0 0 0 1 0 0 0 1 44661.dat
0 STEP
1 117 0 -64 -30 1 0 0 0 1 0 0 0 1 4865b.dat
1 0 0 -11 -66 1 0 0 0 0 -1 0 1 0 2421.dat
0 STEP
1 16 0 0 0 1 0 0 0 1 0 0 0 1 30090 - Jake Raines.ldr

0 FILE 30090 - Jake Raines.ldr
0 Jake Raines
0 Name: 30090 - Jake Raines.ldr
0 Author: Christian Neumann [Wesley]
0 !LDRAW_ORG Unofficial_Model
0 !LICENSE Redistributable under CCAL version 2.0 : see CAreadme.txt
0 !THEME Pharaoh's Quest
1 28 0 -37 28 1 0 0 0 1 0 0 0 1 3815c02.dat
1 308 0 -69 28 1 0 0 0 1 0 0 0 1 973pq5.dat
1 308 15.552 -60 28 0.9855 0.1471 0.0849 -0.1699 0.8534 0.4927 0 -0.5 0.866 3819.dat
1 308 -15.5519 -60.0006 27.9944 0.9855 -0.1425 -0.0925 0.1699 0.8265 0.5367 0 -0.5447 0.8387 3818.dat
1 14 22.6178 -52.4451 5.093 -0.044 -0.0057 -0.999 -0.2551 0.9669 0.0057 0.9659 0.2551 -0.044 977.dat
1 14 -22.4124 -53.6378 4.6657 0.0353 0.0037 -0.9994 -0.2049 0.9788 -0.0037 0.9781 0.2049 0.0353 977.dat
1 72 -22.55 -52.8394 0.958 0.9987 0.0037 0.0517 0.007 0.9788 -0.2048 -0.0514 0.2049 0.9774 30132.dat
1 14 0 -93 28 1 0 0 0 1 0 0 0 1 3626bpq2.dat
1 70 0 -93 28 1 0 0 0 1 0 0 0 1 30171.dat
1 72 0 -85 28 1 0 0 0 0.866 0.5 0 -0.5 0.866 30170.dat
