0 FILE 30091 - Desert Rover.ldr
0 Desert Rover
0 Name: 30091 - Desert Rover.ldr
0 Author: Christian Neumann [Wesley]
0 !LDRAW_ORG Unofficial_Model
0 !LICENSE Redistributable under CCAL version 2.0 : see CAreadme.txt

0 !THEME Pharaoh's Quest

1 0 0 0 0 0 0 -1 0 1 0 1 0 0 3795.dat
1 71 0 -8 -40 -1 0 0 0 1 0 0 0 -1 4600.dat
0 STEP
1 71 0 -8 40 -1 0 0 0 1 0 0 0 -1 4600.dat
1 0 0 -8 0 -1 0 0 0 1 0 0 0 -1 3020.dat
0 STEP
1 320 10 -16 0 0 0 -1 0 1 0 1 0 0 3710.dat
1 320 -10 -16 0 0 0 -1 0 1 0 1 0 0 3710.dat
1 320 0 -32 50 -1 0 0 0 1 0 0 0 -1 3004.dat
0 STEP
1 71 0 -24 -40 1 0 0 0 1 0 0 0 1 50946.dat
0 STEP
1 320 0 -32 -30 1 0 0 0 1 0 0 0 1 3023.dat
1 72 30 -16 0 0 0 -1 0 1 0 1 0 0 50947.dat
1 72 -30 -16 0 0 0 -1 0 1 0 1 0 0 50947.dat
0 STEP
1 72 10 -40 -30 0 0 -1 0 1 0 1 0 0 4081b.dat
1 72 -10 -40 -30 0 0 1 0 1 0 -1 0 0 4081b.dat
1 320 0 -48 -30 -1 0 0 0 1 0 0 0 -1 3794b.dat
0 STEP
1 0 0 -56 -30 0 0 1 0 1 0 -1 0 0 4073.dat
1 71 0 -24 -10 1 0 0 0 1 0 0 0 1 3829c01.dat
0 STEP
1 47 -30 -38 -42 0 0 1 1 0 0 0 1 0 4073.dat
1 47 30 -38 -42 0 0 1 1 0 0 0 1 0 4073.dat
1 71 -30 -4 -40 0 0 1 0 1 0 -1 0 0 4624.dat
1 71 30 -4 -40 0 0 -1 0 1 0 1 0 0 4624.dat
1 71 30 -4 40 0 0 -1 0 1 0 1 0 0 4624.dat
1 71 -30 -4 40 0 0 1 0 1 0 -1 0 0 4624.dat
1 0 -30 -4 40 0 0 1 0 1 0 -1 0 0 87414.dat
1 0 -30 -4 -40 0 0 1 0 1 0 -1 0 0 87414.dat
1 0 30 -4 -40 0 0 1 0 1 0 -1 0 0 87414.dat
1 0 30 -4 40 0 0 1 0 1 0 -1 0 0 87414.dat
0 STEP
1 16 0 0 0 1 0 0 0 1 0 0 0 1 30091 - Jake Raines.ldr

0 FILE 30091 - Jake Raines.ldr
0 Jake Raines
0 Name: 30091 - Jake Raines.ldr
0 Author: Christian Neumann [Wesley]
0 !LDRAW_ORG Unofficial_Model
0 !LICENSE Redistributable under CCAL version 2.0 : see CAreadme.txt
0 !THEME Pharaoh's Quest
1 28 0 -37 28 1 0 0 0 1 0 0 0 1 3815c02.dat
1 19 0 -69 28 1 0 0 0 1 0 0 0 1 973pq3.dat
1 19 15.552 -60 28 0.9855 0.1471 0.0849 -0.1699 0.8534 0.4927 0 -0.5 0.866 3819.dat
1 19 -15.5519 -60.0006 27.9944 0.9855 -0.1425 -0.0925 0.1597 0.5904 0.7912 -0.0581 -0.7945 0.6046 3818.dat
1 14 22.6178 -52.4451 5.093 -0.044 -0.0057 -0.999 -0.2551 0.9669 0.0057 0.9659 0.2551 -0.044 977.dat
1 14 -22.4124 -62.0004 3.8964 0.0353 0.0037 -0.9994 0.142 0.9899 0.0086 0.9892 -0.1422 0.0344 977.dat
1 72 -22.55 -62.5183 0.1392 0.9987 0.0037 0.0517 -0.011 0.9899 0.1418 -0.0507 -0.1422 0.9885 30132.dat
1 14 0 -93 28 0.7071 0 -0.7071 0 1 0 0.7071 0 0.7071 3626bpq2.dat
1 0 0 -93 28 0.7071 0 -0.7071 0 1 0 0.7071 0 0.7071 62810.dat
